desc: I1 cache:         32768 B, 64 B, 2-way associative
desc: D1 cache:         32768 B, 64 B, 8-way associative
desc: LL cache:         524288 B, 64 B, 16-way associative
cmd: ./dgemm
events: Ir I1mr ILmr Dr D1mr DLmr Dw D1mw DLmw 
fl=/build/glibc-Cl5G7W/glibc-2.23/csu/../csu/init-first.c
fn=_init
52 8 1 1 0 0 0 4 0 0
58 4 1 1 1 0 0 1 1 1
65 5 1 1 4 0 0 0 0 0
70 1 0 0 0 0 0 1 1 1
71 1 0 0 0 0 0 1 1 1
72 2 0 0 1 1 0 1 1 1
86 4 0 0 0 0 0 1 0 0
94 1 0 0 0 0 0 1 0 0
99 6 0 0 5 0 0 0 0 0
fl=/build/glibc-Cl5G7W/glibc-2.23/csu/../csu/libc-start.c
fn=(below main)
134 10 1 1 0 0 0 8 0 0
138 7 1 1 1 0 0 1 0 0
220 2 1 1 0 0 0 0 0 0
221 4 0 0 0 0 0 1 0 0
243 4 0 0 2 0 0 0 0 0
246 2 0 0 0 0 0 0 0 0
247 5 0 0 4 0 0 1 0 0
251 4 1 1 2 0 0 0 0 0
266 2 0 0 0 0 0 0 0 0
278 2 0 0 0 0 0 1 0 0
279 2 0 0 0 0 0 0 0 0
284 2 0 0 1 1 0 1 0 0
285 2 0 0 1 1 0 1 0 0
288 2 0 0 0 0 0 1 0 0
291 6 0 0 5 0 0 1 0 0
fl=/build/glibc-Cl5G7W/glibc-2.23/csu/../sysdeps/generic/dl-hash.h
fn=_init
45 12 0 0 4 0 0 0 0 0
48 12 0 0 0 0 0 0 0 0
62 16 0 0 0 0 0 0 0 0
fl=/build/glibc-Cl5G7W/glibc-2.23/csu/../sysdeps/unix/sysv/linux/x86_64/init-first.c
fn=_init
36 11 2 2 0 0 0 4 0 0
38 4 0 0 0 0 0 1 0 0
39 2 0 0 0 0 0 0 0 0
40 2 1 1 0 0 0 0 0 0
41 2 1 1 1 0 0 0 0 0
42 1 0 0 0 0 0 1 0 0
44 3 0 0 0 0 0 1 0 0
45 2 0 0 1 0 0 0 0 0
46 1 0 0 0 0 0 1 0 0
fl=/build/glibc-Cl5G7W/glibc-2.23/ctype/ctype-info.c
fn=__ctype_init
31 7 2 2 5 2 0 1 0 0
33 4 0 0 2 0 0 1 0 0
35 5 0 0 3 1 0 1 0 0
fl=/build/glibc-Cl5G7W/glibc-2.23/elf/../elf/dl-runtime.c
fn=_dl_fixup
66 6 1 1 0 0 0 2 0 0
68 2 0 0 2 0 0 0 0 0
69 4 1 1 4 2 2 0 0 0
71 8 0 0 2 1 1 0 0 0
72 2 0 0 2 1 1 0 0 0
73 14 0 0 4 2 2 2 1 1
74 6 0 0 4 1 1 0 0 0
79 4 1 1 0 0 0 0 0 0
83 4 0 0 2 1 1 0 0 0
87 6 0 0 2 1 1 0 0 0
91 2 0 0 2 1 1 0 0 0
92 10 0 0 4 2 2 0 0 0
94 8 1 1 2 1 1 0 0 0
100 2 0 0 0 0 0 0 0 0
101 6 0 0 2 0 0 0 0 0
111 20 1 1 4 1 1 6 0 0
115 10 0 0 6 0 0 0 0 0
125 12 0 0 4 0 0 0 0 0
133 2 0 0 2 0 0 0 0 0
141 8 0 0 2 0 0 0 0 0
145 6 1 1 2 0 0 0 0 0
149 6 0 0 4 0 0 0 0 0
fl=/build/glibc-Cl5G7W/glibc-2.23/elf/../elf/dl-sysdep.c
fn=_dl_sysdep_start
86 8 1 1 0 0 0 6 1 1
110 1 0 0 0 0 0 1 0 0
111 203 1 1 66 8 8 4 3 3
114 2 0 0 0 0 0 1 0 0
115 1 0 0 0 0 0 1 0 0
117 136 6 6 35 6 6 17 1 1
118 110 0 0 18 2 2 0 0 0
121 1 0 0 1 0 0 0 0 0
122 1 0 0 0 0 0 0 0 0
124 1 1 1 1 0 0 0 0 0
125 1 0 0 0 0 0 0 0 0
127 1 1 1 1 0 0 0 0 0
128 2 0 0 0 0 0 0 0 0
130 1 0 0 1 0 0 0 0 0
131 2 0 0 0 0 0 0 0 0
151 1 1 1 1 0 0 0 0 0
152 2 0 0 0 0 0 0 0 0
154 1 0 0 1 0 0 0 0 0
155 2 0 0 0 0 0 0 0 0
157 2 1 1 1 0 0 1 0 0
158 2 0 0 0 0 0 0 0 0
163 2 0 0 1 0 0 1 0 0
164 2 0 0 0 0 0 1 0 0
179 2 0 0 1 0 0 1 0 0
180 2 0 0 0 0 0 1 0 0
231 2 0 0 0 0 0 0 0 0
232 2 0 0 0 0 0 2 0 0
234 5 1 1 0 0 0 1 0 0
246 3 0 0 1 0 0 0 0 0
249 5 0 0 1 0 0 1 0 0
250 1 0 0 1 1 0 0 0 0
251 8 0 0 7 1 0 0 0 0
fn=_dl_sysdep_start_cleanup
256 1 1 0 1 0 0 0 0 0
fl=/build/glibc-Cl5G7W/glibc-2.23/elf/../misc/sbrk.c
fn=sbrk
34 4 1 1 0 0 0 2 0 0
42 6 0 0 2 1 1 0 0 0
46 2 0 0 0 0 0 0 0 0
62 5 1 1 3 0 0 0 0 0
fl=/build/glibc-Cl5G7W/glibc-2.23/elf/../string/bits/string2.h
fn=handle_ld_preload
961 189 1 1 47 0 0 0 0 0
962 145 0 0 0 0 0 0 0 0
963 93 0 0 0 0 0 0 0 0
fl=/build/glibc-Cl5G7W/glibc-2.23/elf/../sysdeps/posix/dl-fileid.h
fn=_dl_map_object_from_fd
37 12 1 1 0 0 0 2 0 0
40 2 0 0 2 0 0 0 0 0
41 4 0 0 2 0 0 2 0 0
49 12 1 1 6 1 1 0 0 0
fl=/build/glibc-Cl5G7W/glibc-2.23/elf/../sysdeps/unix/sysv/linux/dl-osinfo.h
fn=dl_main
77 1 0 0 1 0 0 0 0 0
fl=/build/glibc-Cl5G7W/glibc-2.23/elf/../sysdeps/unix/sysv/linux/dl-sysdep.c
fn=_dl_discover_osversion
45 7 2 2 0 0 0 6 0 0
47 3 0 0 1 0 0 0 0 0
87 5 1 1 0 0 0 1 1 1
102 1 0 0 0 0 0 0 0 0
106 1 0 0 0 0 0 0 0 0
107 1 0 0 0 0 0 0 0 0
109 12 0 0 3 1 1 0 0 0
111 6 1 1 0 0 0 0 0 0
113 17 0 0 4 0 0 0 0 0
115 1 0 0 0 0 0 0 0 0
116 2 0 0 0 0 0 0 0 0
119 3 0 0 0 0 0 0 0 0
120 3 0 0 0 0 0 0 0 0
121 3 0 0 0 0 0 0 0 0
123 13 0 0 0 0 0 0 0 0
128 2 1 1 0 0 0 0 0 0
132 8 1 1 7 0 0 0 0 0
fn=_dl_sysdep_start
35 2 0 0 0 0 0 1 0 0
fl=/build/glibc-Cl5G7W/glibc-2.23/elf/../sysdeps/unix/sysv/linux/dl-vdso.c
fn=_dl_vdso_vsym
27 10 2 1 10 3 2 0 0 0
28 10 1 1 5 0 0 0 0 0
31 10 0 0 0 0 0 0 0 0
fl=/build/glibc-Cl5G7W/glibc-2.23/elf/../sysdeps/unix/sysv/linux/x86_64/brk.c
fn=brk
31 7 2 2 0 0 0 1 1 1
33 2 0 0 0 0 0 0 0 0
39 1 0 0 0 0 0 0 0 0
40 1 0 0 1 0 0 0 0 0
fl=/build/glibc-Cl5G7W/glibc-2.23/elf/../sysdeps/x86/cpu-features.c
fn=_dl_sysdep_start
29 5 1 1 0 0 0 3 0 0
32 1 0 0 0 0 0 1 0 0
33 3 0 0 0 0 0 0 0 0
34 3 0 0 0 0 0 0 0 0
35 3 0 0 0 0 0 0 0 0
36 2 1 1 0 0 0 0 0 0
41 2 0 0 0 0 0 0 0 0
61 3 1 1 0 0 0 1 0 0
64 10 0 0 0 0 0 0 0 0
68 3 1 1 0 0 0 0 0 0
73 3 0 0 0 0 0 0 0 0
76 1 0 0 0 0 0 0 0 0
77 8 1 1 1 1 1 0 0 0
134 2 1 1 1 1 1 0 0 0
175 3 1 1 1 0 0 0 0 0
176 1 0 0 1 0 0 0 0 0
179 2 0 0 0 0 0 0 0 0
180 1 1 1 1 0 0 0 0 0
182 2 0 0 1 0 0 0 0 0
183 7 0 0 0 0 0 4 0 0
190 3 0 0 1 0 0 0 0 0
247 4 2 2 0 0 0 0 0 0
248 4 0 0 0 0 0 0 0 0
249 4 0 0 0 0 0 0 0 0
250 2 1 1 0 0 0 0 0 0
251 7 1 1 0 0 0 1 0 0
258 1 0 0 0 0 0 1 0 0
259 1 0 0 0 0 0 1 0 0
260 1 0 0 0 0 0 1 0 0
fl=/build/glibc-Cl5G7W/glibc-2.23/elf/../sysdeps/x86_64/dl-irel.h
fn=_dl_fixup
32 2 1 1 0 0 0 1 0 0
fl=/build/glibc-Cl5G7W/glibc-2.23/elf/../sysdeps/x86_64/dl-machine.h
fn=_dl_fixup
235 2 0 0 0 0 0 2 0 0
fn=_dl_relocate_object
76 24 0 0 4 0 0 0 0 0
82 6 0 0 6 2 0 0 0 0
86 9 0 0 3 3 2 0 0 0
92 3 1 1 0 0 0 3 0 0
100 9 0 0 3 0 0 0 0 0
102 3 0 0 3 0 0 0 0 0
120 6 0 0 0 0 0 0 0 0
123 15 1 1 0 0 0 3 0 0
129 15 0 0 4 3 0 0 0 0
269 194 0 0 0 0 0 0 0 0
290 194 0 0 0 0 0 0 0 0
294 194 0 0 0 0 0 0 0 0
301 4174 15 15 982 83 72 734 2 0
303 431 0 0 182 2 0 0 0 0
306 364 1 1 91 0 0 0 0 0
312 582 0 0 97 3 3 0 0 0
407 42 1 1 14 0 0 0 0 0
411 70 0 0 14 1 0 0 0 0
425 70 0 0 28 1 1 14 7 7
435 249 1 1 83 10 10 83 10 6
447 9 0 0 0 0 0 3 0 0
512 3576 0 0 1192 298 298 0 0 0
517 2384 0 0 0 0 0 0 0 0
518 3576 0 0 1192 150 150 1192 224 222
528 36 0 0 22 0 0 0 0 0
532 28 0 0 0 0 0 0 0 0
534 42 0 0 14 1 0 0 0 0
535 14 0 0 14 3 2 0 0 0
554 24 0 0 16 0 0 8 0 0
555 8 0 0 0 0 0 8 0 0
fn=_dl_start
59 3 0 0 1 1 1 0 0 0
266 6 0 0 0 0 0 0 0 0
294 12 0 0 0 0 0 0 0 0
303 24 0 0 12 2 2 0 0 0
306 24 0 0 6 4 4 0 0 0
312 37 0 0 6 1 1 0 0 0
425 12 1 1 6 0 0 6 1 1
517 20 0 0 10 1 1 0 0 0
518 30 1 1 10 2 2 10 2 2
fn=_dl_sysdep_start
223 5 0 0 2 1 1 0 0 0
fl=/build/glibc-Cl5G7W/glibc-2.23/elf/../sysdeps/x86_64/dl-trampoline.h
fn=_dl_runtime_resolve_sse
64 2 1 1 0 0 0 2 0 0
67 2 0 0 0 0 0 0 0 0
69 2 0 0 0 0 0 0 0 0
71 2 0 0 0 0 0 0 0 0
74 2 0 0 0 0 0 2 1 1
75 2 0 0 0 0 0 2 0 0
76 2 0 0 0 0 0 2 0 0
77 2 0 0 0 0 0 2 0 0
78 2 1 1 0 0 0 2 0 0
79 2 0 0 0 0 0 2 0 0
80 2 0 0 0 0 0 2 0 0
81 2 0 0 0 0 0 2 1 1
82 2 0 0 0 0 0 2 0 0
83 2 0 0 0 0 0 2 0 0
84 2 0 0 0 0 0 2 1 1
85 2 0 0 0 0 0 2 0 0
86 2 0 0 0 0 0 2 0 0
87 2 0 0 0 0 0 2 0 0
88 2 0 0 0 0 0 2 1 1
93 2 1 1 0 0 0 0 0 0
94 2 0 0 0 0 0 0 0 0
95 2 0 0 0 0 0 0 0 0
96 2 0 0 0 0 0 0 0 0
110 2 0 0 2 0 0 0 0 0
111 2 0 0 2 0 0 0 0 0
112 2 0 0 0 0 0 2 0 0
113 2 0 0 0 0 0 0 0 0
118 2 0 0 0 0 0 0 0 0
119 2 1 1 0 0 0 0 0 0
120 2 0 0 0 0 0 0 0 0
121 2 0 0 0 0 0 0 0 0
134 2 0 0 2 0 0 0 0 0
135 2 0 0 2 0 0 0 0 0
136 2 0 0 2 0 0 0 0 0
137 2 0 0 2 0 0 0 0 0
138 2 0 0 2 0 0 0 0 0
139 2 1 1 2 0 0 0 0 0
140 2 0 0 2 0 0 0 0 0
141 2 0 0 2 0 0 0 0 0
142 2 0 0 2 0 0 0 0 0
143 2 0 0 2 0 0 0 0 0
144 2 0 0 2 0 0 0 0 0
145 2 0 0 2 0 0 0 0 0
146 2 0 0 2 0 0 0 0 0
147 2 0 0 2 0 0 0 0 0
148 2 0 0 2 0 0 0 0 0
150 2 0 0 0 0 0 0 0 0
152 2 0 0 2 0 0 0 0 0
156 2 0 0 0 0 0 0 0 0
159 2 1 1 0 0 0 0 0 0
fl=/build/glibc-Cl5G7W/glibc-2.23/elf/./dl-load.h
fn=_dl_map_object_from_fd
90 8 0 0 0 0 0 0 0 0
91 6 0 0 4 0 0 2 0 0
93 8 1 1 4 0 0 0 0 0
94 5 1 1 3 0 0 0 0 0
95 11 1 1 3 0 0 0 0 0
98 4 0 0 0 0 0 1 0 0
fl=/build/glibc-Cl5G7W/glibc-2.23/elf/./dl-map-segments.h
fn=_dl_map_object_from_fd
56 22 2 2 8 0 0 6 0 0
60 6 0 0 2 0 0 0 0 0
63 6 1 1 2 0 0 2 0 0
64 4 0 0 0 0 0 2 0 0
66 4 0 0 2 0 0 0 0 0
72 14 0 0 4 0 0 2 0 0
73 8 2 2 4 0 0 0 0 0
76 4 0 0 4 0 0 0 0 0
86 20 0 0 4 0 0 0 0 0
88 8 0 0 4 0 0 0 0 0
90 28 1 1 10 0 0 4 0 0
100 16 0 0 8 0 0 0 0 0
106 4 0 0 2 0 0 0 0 0
107 2 0 0 0 0 0 0 0 0
108 10 0 0 2 0 0 0 0 0
109 4 0 0 0 0 0 0 0 0
116 4 0 0 0 0 0 0 0 0
119 4 2 2 0 0 0 0 0 0
127 24 2 1 6 0 0 8 0 0
133 4 0 0 0 0 0 0 0 0
137 9 1 1 0 0 0 2 0 0
140 3 1 1 1 0 0 0 0 0
145 4 1 1 0 0 0 0 0 0
fl=/build/glibc-Cl5G7W/glibc-2.23/elf/dl-altinit.c
fn=dlinit_alt
33 3 1 1 2 0 0 0 0 0
34 1 0 0 1 0 0 0 0 0
fl=/build/glibc-Cl5G7W/glibc-2.23/elf/dl-cache.c
fn=_dl_cache_libcmp
138 30 1 1 20 10 10 0 0 0
139 100 0 0 0 0 0 0 0 0
141 147 0 0 0 0 0 0 0 0
143 51 0 0 0 0 0 0 0 0
149 2 1 1 0 0 0 0 0 0
150 2 0 0 0 0 0 0 0 0
151 5 0 0 1 0 0 0 0 0
153 5 1 1 1 0 0 0 0 0
155 2 0 0 0 0 0 0 0 0
161 96 1 1 0 0 0 0 0 0
163 174 0 0 78 0 0 0 0 0
164 18 0 0 9 0 0 0 0 0
167 39 0 0 0 0 0 0 0 0
168 39 0 0 0 0 0 0 0 0
171 3 0 0 1 0 0 0 0 0
fn=_dl_load_cache_lookup
185 9 1 1 0 0 0 6 0 0
193 2 0 0 1 0 0 0 0 0
196 3 0 0 1 0 0 0 0 0
199 5 2 2 0 0 0 1 1 1
207 5 0 0 1 0 0 0 0 0
208 6 1 1 0 0 0 1 0 0
212 1 0 0 0 0 0 1 0 0
215 4 0 0 1 0 0 0 0 0
218 2 0 0 0 0 0 1 0 0
219 3 0 0 0 0 0 0 0 0
220 6 1 1 0 0 0 1 0 0
247 2 1 1 0 0 0 0 0 0
256 5 0 0 0 0 0 2 0 0
262 4 0 0 0 0 0 2 0 0
266 4 1 1 2 0 0 2 0 0
281 238 8 8 44 9 9 23 0 0
297 2 0 0 1 0 0 0 0 0
301 2 0 0 1 0 0 0 0 0
309 9 1 1 1 0 0 1 0 0
310 3 0 0 0 0 0 1 0 0
311 2 0 0 0 0 0 1 0 0
312 8 0 0 7 0 0 0 0 0
fn=_dl_unload_cache
321 1 0 0 0 0 0 0 0 0
322 4 1 1 1 1 0 0 0 0
324 2 0 0 1 0 0 1 0 0
325 1 0 0 0 0 0 1 0 0
327 2 0 0 1 0 0 0 0 0
fl=/build/glibc-Cl5G7W/glibc-2.23/elf/dl-debug.c
fn=_dl_debug_initialize
50 8 2 1 0 0 0 0 0 0
51 4 1 1 4 0 0 0 0 0
55 14 0 0 4 0 0 0 0 0
58 1 0 0 0 0 0 1 0 0
59 2 0 0 0 0 0 1 0 0
60 5 1 1 1 0 0 1 0 0
61 2 0 0 0 0 0 1 0 0
64 1 0 0 1 0 0 0 0 0
fn=_dl_debug_state
74 2 0 0 2 0 0 0 0 0
fl=/build/glibc-Cl5G7W/glibc-2.23/elf/dl-deps.c
fn=_dl_map_object_deps
144 4 0 0 0 0 0 2 1 1
145 2 1 1 0 0 0 2 0 0
146 7 0 0 0 0 0 2 0 0
152 9 0 0 2 0 0 3 0 0
160 11 0 0 0 0 0 9 0 0
161 9 2 2 0 0 0 0 0 0
178 14 1 1 1 0 0 1 0 0
179 2 0 0 1 0 0 0 0 0
182 3 1 1 0 0 0 2 0 0
188 2 0 0 0 0 0 2 0 0
189 1 0 0 0 0 0 1 0 0
201 2 0 0 1 0 0 1 0 0
202 2 1 1 0 0 0 1 0 0
203 1 0 0 0 0 0 1 0 0
204 2 0 0 0 0 0 2 0 0
209 6 2 2 0 0 0 5 0 0
210 4 0 0 0 0 0 0 0 0
213 4 0 0 0 0 0 4 0 0
217 8 0 0 4 0 0 0 0 0
218 25 2 2 11 1 1 0 0 0
220 2 0 0 0 0 0 0 0 0
222 8 0 0 4 0 0 2 0 0
224 30 1 1 2 0 0 6 0 0
229 16 0 0 8 0 0 0 0 0
231 6 0 0 4 0 0 2 0 0
236 2 0 0 0 0 0 2 0 0
237 2 0 0 0 0 0 2 0 0
238 4 0 0 2 0 0 2 0 0
239 4 1 1 2 0 0 2 0 0
242 208 0 0 54 0 0 0 0 0
243 96 1 1 0 0 0 0 0 0
249 14 0 0 4 0 0 2 1 1
251 2 0 0 0 0 0 2 0 0
254 12 1 1 8 0 0 2 0 0
256 6 0 0 2 0 0 0 0 0
271 2 0 0 2 0 0 0 0 0
273 4 0 0 2 0 0 0 0 0
278 6 1 1 0 0 0 0 0 0
281 2 0 0 0 0 0 2 1 1
282 2 0 0 0 0 0 2 0 0
283 2 0 0 0 0 0 2 0 0
284 4 0 0 2 0 0 2 0 0
286 2 0 0 2 0 0 0 0 0
288 12 1 1 2 0 0 4 0 0
292 6 0 0 2 0 0 0 0 0
293 3 0 0 0 0 0 1 0 0
295 138 0 0 0 0 0 0 0 0
317 9 1 1 0 0 0 4 0 0
338 6 1 1 0 0 0 3 0 0
459 12 1 1 4 0 0 0 0 0
461 6 0 0 0 0 0 2 0 0
463 8 1 1 0 0 0 2 0 0
465 4 0 0 0 0 0 0 0 0
468 2 0 0 0 0 0 2 1 1
469 10 0 0 2 0 0 2 0 0
470 10 0 0 0 0 0 2 0 0
473 2 0 0 0 0 0 2 0 0
474 2 0 0 2 0 0 0 0 0
478 22 1 1 11 0 0 0 0 0
480 4 1 1 4 0 0 0 0 0
481 18 0 0 4 0 0 0 0 0
485 6 1 1 2 0 0 0 0 0
486 1 0 0 0 0 0 1 0 0
489 5 1 1 2 0 0 1 0 0
499 5 0 0 1 0 0 1 0 0
502 2 1 1 0 0 0 0 0 0
507 9 0 0 3 0 0 1 0 0
508 6 0 0 4 0 0 1 0 0
510 12 0 0 4 0 0 0 0 0
516 12 1 1 0 0 0 4 2 2
520 12 0 0 12 0 0 0 0 0
523 3 0 0 1 0 0 1 0 0
574 3 1 1 2 0 0 0 0 0
575 1 0 0 0 0 0 1 0 0
576 3 0 0 1 0 0 0 0 0
611 8 1 1 1 0 0 2 0 0
613 2 0 0 0 0 0 0 0 0
614 1 0 0 0 0 0 1 0 0
617 11 1 1 0 0 0 1 0 0
618 5 1 1 0 0 0 0 0 0
619 5 0 0 1 0 0 1 0 0
623 12 1 1 3 0 0 6 0 0
624 6 0 0 3 0 0 0 0 0
630 17 1 1 3 0 0 0 0 0
632 12 0 0 6 0 0 0 0 0
633 7 0 0 0 0 0 0 0 0
635 9 0 0 3 0 0 0 0 0
636 6 1 1 0 0 0 0 0 0
655 2 1 1 1 0 0 0 0 0
658 3 1 1 0 0 0 0 0 0
661 10 0 0 3 0 0 0 0 0
664 28 1 1 6 0 0 6 0 0
671 2 1 1 1 0 0 1 0 0
673 2 0 0 1 0 0 1 0 0
674 1 0 0 1 0 0 0 0 0
675 3 0 0 1 0 0 0 0 0
682 3 1 1 1 0 0 0 0 0
685 3 0 0 1 0 0 0 0 0
688 8 0 0 7 0 0 0 0 0
fn=openaux
60 4 1 1 0 0 0 2 0 0
63 24 1 1 10 0 0 4 1 1
67 2 0 0 2 0 0 0 0 0
68 4 0 0 4 0 0 0 0 0
fl=/build/glibc-Cl5G7W/glibc-2.23/elf/dl-environ.c
fn=_dl_next_ld_env_entry
30 3 1 1 3 0 0 0 0 0
31 1 1 1 0 0 0 0 0 0
33 196 0 0 65 0 0 0 0 0
35 128 0 0 64 29 29 0 0 0
36 20 0 0 10 0 0 0 0 0
38 2 0 0 0 0 0 0 0 0
41 4 0 0 0 0 0 2 0 0
43 2 0 0 2 0 0 0 0 0
46 62 0 0 0 0 0 0 0 0
50 1 0 0 1 0 0 0 0 0
fl=/build/glibc-Cl5G7W/glibc-2.23/elf/dl-error.c
fn=_dl_catch_error
163 12 1 1 0 0 0 9 0 0
175 6 1 1 0 0 0 6 4 4
176 6 0 0 0 0 0 6 0 0
177 6 0 0 0 0 0 6 0 0
178 6 0 0 0 0 0 3 0 0
180 3 0 0 3 0 0 3 0 0
181 6 0 0 3 0 0 3 0 0
182 9 1 1 0 0 0 6 0 0
185 18 0 0 0 0 0 3 0 0
187 9 0 0 6 0 0 3 0 0
188 9 0 0 6 0 0 3 0 0
189 6 1 1 3 0 0 3 0 0
190 6 0 0 3 0 0 3 0 0
191 6 0 0 3 0 0 3 0 0
199 12 0 0 6 0 0 0 0 0
fn=_dl_receive_error
205 10 1 1 0 0 0 6 0 0
206 2 0 0 1 0 0 1 0 0
210 1 0 0 1 0 0 0 0 0
211 1 0 0 1 0 0 0 0 0
214 1 0 0 0 0 0 1 0 0
215 1 0 0 0 0 0 1 0 0
217 2 0 0 0 0 0 1 0 0
219 1 1 1 0 0 0 1 0 0
220 1 0 0 0 0 0 1 0 0
221 8 0 0 7 0 0 0 0 0
fl=/build/glibc-Cl5G7W/glibc-2.23/elf/dl-hwcaps.c
fn=_dl_important_hwcaps
39 12 1 1 0 0 0 10 2 2
41 1 0 0 1 0 0 0 0 0
42 3 0 0 0 0 0 0 0 0
51 3 0 0 1 0 0 0 0 0
61 4 1 1 1 0 0 1 0 0
113 1 1 1 0 0 0 0 0 0
115 5 1 1 0 0 0 1 1 1
130 10 1 1 0 0 0 1 0 0
131 1 0 0 0 0 0 0 0 0
162 2 1 1 0 0 0 0 0 0
170 3 1 1 1 0 0 0 0 0
172 2 0 0 1 0 0 1 0 0
173 5 0 0 1 0 0 1 0 0
177 3 1 1 1 0 0 1 0 0
178 1 0 0 0 0 0 1 0 0
181 2 0 0 0 0 0 0 0 0
184 2 0 0 0 0 0 0 0 0
185 1 0 0 1 0 0 0 0 0
188 12 1 1 2 0 0 2 0 0
189 2 0 0 0 0 0 0 0 0
207 11 1 1 2 0 0 5 0 0
208 6 0 0 0 0 0 3 0 0
209 6 1 1 4 0 0 0 0 0
238 3 0 0 0 0 0 2 1 1
241 2 0 0 0 0 0 0 0 0
243 10 0 0 3 0 0 4 0 0
244 20 1 1 5 0 0 5 0 0
264 7 2 2 2 0 0 0 0 0
269 10 0 0 2 0 0 0 0 0
270 8 0 0 0 0 0 4 0 0
274 11 1 1 0 0 0 0 0 0
277 26 0 0 0 0 0 0 0 0
278 24 0 0 0 0 0 0 0 0
279 12 0 0 8 0 0 0 0 0
281 4 1 1 0 0 0 0 0 0
284 3 0 0 1 0 0 0 0 0
285 2 0 0 1 0 0 0 0 0
286 12 2 2 3 0 0 0 0 0
299 6 0 0 2 0 0 2 0 0
300 2 0 0 0 0 0 0 0 0
302 4 0 0 0 0 0 0 0 0
305 4 0 0 3 0 0 1 0 0
307 1 0 0 0 0 0 0 0 0
308 10 1 1 7 0 0 1 0 0
fl=/build/glibc-Cl5G7W/glibc-2.23/elf/dl-init.c
fn=_dl_init
30 25 1 1 5 0 0 3 0 0
80 11 1 1 0 0 0 6 0 0
81 1 0 0 1 1 0 0 0 0
82 1 0 0 1 0 0 0 0 0
85 3 0 0 1 0 0 0 0 0
88 2 0 0 0 0 0 1 0 0
93 2 0 0 0 0 0 0 0 0
94 2 1 1 1 0 0 0 0 0
104 2 1 1 0 0 0 1 0 0
119 15 0 0 0 0 0 0 0 0
120 12 0 0 8 0 0 0 0 0
126 8 0 0 7 0 0 0 0 0
fn=call_init.part.0
28 20 0 0 0 0 0 20 0 0
36 12 0 0 4 0 0 4 0 0
39 16 1 1 8 1 0 0 0 0
40 3 1 1 0 0 0 0 0 0
44 21 0 0 3 1 0 0 0 0
45 3 0 0 1 0 0 0 0 0
49 4 0 0 2 0 0 0 0 0
58 14 1 1 6 3 0 2 0 0
62 4 0 0 0 0 0 0 0 0
68 6 0 0 4 1 0 0 0 0
70 4 0 0 4 0 0 0 0 0
71 16 1 1 0 0 0 0 0 0
72 15 0 0 3 0 0 3 0 0
74 24 0 0 24 0 0 0 0 0
fl=/build/glibc-Cl5G7W/glibc-2.23/elf/dl-load.c
fn=_dl_init_paths
689 9 2 2 0 0 0 7 0 0
702 6 0 0 2 0 0 2 0 0
706 1 0 0 0 0 0 1 0 0
707 2 0 0 0 0 0 1 0 0
708 3 0 0 0 0 0 0 0 0
715 4 0 0 0 0 0 0 0 0
716 4 1 1 1 0 0 2 0 0
719 5 0 0 0 0 0 2 0 0
721 2 0 0 0 0 0 0 0 0
727 2 1 1 0 0 0 1 0 0
728 1 0 0 0 0 0 1 0 0
736 3 0 0 0 0 0 3 0 0
738 9 1 1 0 0 0 4 0 0
739 4 0 0 0 0 0 4 3 3
741 8 0 0 0 0 0 4 1 1
742 10 0 0 3 1 1 4 0 0
743 12 0 0 0 0 0 3 0 0
746 6 1 1 3 1 1 0 0 0
747 25 0 0 8 0 0 4 0 0
750 35 1 1 4 0 0 6 0 0
756 1 1 1 0 0 0 1 1 1
757 1 0 0 0 0 0 1 0 0
761 1 0 0 1 0 0 0 0 0
762 2 0 0 0 0 0 0 0 0
764 4 0 0 1 0 0 0 0 0
766 3 0 0 1 0 0 0 0 0
783 1 0 0 0 0 0 1 0 0
785 3 1 1 1 0 0 0 0 0
799 2 1 1 0 0 0 1 0 0
804 5 2 2 2 0 0 0 0 0
810 5 0 0 0 0 0 1 0 0
812 12 1 1 1 0 0 2 0 0
829 133 1 1 15 0 0 0 0 0
833 1 0 0 0 0 0 1 0 0
834 1 0 0 0 0 0 1 0 0
835 2 0 0 0 0 0 0 0 0
841 9 1 1 1 0 0 2 0 0
845 5 0 0 4 0 0 0 0 0
851 1 0 0 0 0 0 1 0 0
855 8 0 0 7 0 0 0 0 0
fn=_dl_map_object
383 5 0 0 0 0 0 1 0 0
387 2 0 0 0 0 0 1 0 0
666 9 1 1 3 0 0 0 0 0
2189 27 1 1 0 0 0 24 2 2
2191 2 0 0 0 0 0 2 0 0
2197 6 1 1 0 0 0 0 0 0
2198 12 0 0 3 0 0 0 0 0
2201 42 0 0 9 0 0 0 0 0
2206 49 1 1 7 0 0 0 0 0
2208 35 0 0 0 0 0 7 2 2
2212 12 0 0 6 0 0 0 0 0
2213 18 1 1 6 0 0 0 0 0
2216 2 0 0 2 0 0 0 0 0
2218 12 0 0 4 0 0 2 0 0
2235 10 2 2 4 0 0 2 0 0
2244 6 1 1 2 0 0 0 0 0
2278 2 0 0 0 0 0 2 2 2
2280 10 0 0 0 0 0 2 0 0
2284 4 1 1 0 0 0 2 0 0
2286 2 1 1 1 0 0 0 0 0
2293 4 0 0 1 0 0 0 0 0
2297 2 1 1 1 0 0 1 0 0
2302 6 1 1 1 0 0 1 0 0
2303 1 0 0 0 0 0 0 0 0
2305 9 0 0 0 0 0 3 0 0
2317 3 1 1 2 0 0 0 0 0
2318 8 1 1 2 0 0 1 0 0
2319 1 0 0 0 0 0 0 0 0
2328 2 0 0 1 0 0 0 0 0
2329 15 1 1 1 0 0 4 0 0
2335 5 1 1 1 0 0 0 0 0
2336 1 0 0 0 0 0 0 0 0
2344 1 0 0 0 0 0 1 0 0
2358 2 1 1 0 0 0 0 0 0
2360 3 0 0 1 0 0 0 0 0
2364 3 0 0 0 0 0 2 0 0
2366 2 0 0 0 0 0 0 0 0
2370 2 0 0 0 0 0 0 0 0
2378 3 1 1 1 0 0 0 0 0
2401 11 0 0 1 0 0 2 0 0
2405 4 0 0 2 0 0 0 0 0
2406 2 1 1 0 0 0 1 0 0
2423 2 1 1 1 0 0 0 0 0
2429 1 0 0 0 0 0 1 0 0
2431 2 1 1 0 0 0 0 0 0
2432 3 0 0 0 0 0 0 0 0
2436 10 1 1 0 0 0 2 0 0
2439 4 0 0 2 0 0 0 0 0
2451 6 1 1 0 0 0 0 0 0
2453 4 0 0 0 0 0 0 0 0
2497 4 0 0 2 0 0 2 0 0
2498 30 1 1 6 0 0 10 0 0
2500 24 0 0 21 0 0 0 0 0
fn=_dl_map_object_from_fd
893 30 2 2 0 0 0 22 2 2
903 8 0 0 2 0 0 4 1 1
904 2 0 0 0 0 0 2 0 0
919 31 1 1 11 0 0 0 0 0
920 10 0 0 5 0 0 0 0 0
937 4 1 1 2 0 0 0 0 0
961 4 0 0 2 0 0 0 0 0
971 4 1 1 2 0 0 0 0 0
993 8 0 0 4 0 0 0 0 0
1025 4 0 0 0 0 0 0 0 0
1028 16 1 1 10 0 0 2 0 0
1029 4 0 0 0 0 0 0 0 0
1040 6 0 0 4 0 0 2 2 2
1041 8 0 0 4 0 0 4 0 0
1042 4 0 0 2 0 0 2 0 0
1044 8 1 1 0 0 0 0 0 0
1045 8 0 0 4 0 0 0 0 0
1046 2 0 0 0 0 0 0 0 0
1063 2 0 0 0 0 0 2 0 0
1065 20 1 1 0 0 0 4 0 0
1073 142 0 0 0 0 0 0 0 0
1074 127 2 2 17 2 2 0 0 0
1080 4 0 0 2 0 0 2 0 0
1081 6 0 0 2 0 0 2 0 0
1082 2 0 0 0 0 0 0 0 0
1085 2 0 0 1 0 0 1 0 0
1086 1 1 1 0 0 0 0 0 0
1091 20 2 2 8 0 0 0 0 0
1096 32 0 0 8 0 0 0 0 0
1104 16 0 0 0 0 0 0 0 0
1105 16 0 0 0 0 0 4 2 2
1106 20 1 1 4 0 0 4 0 0
1107 4 0 0 0 0 0 4 1 1
1108 8 0 0 4 0 0 4 0 0
1109 8 0 0 0 0 0 4 2 2
1113 8 0 0 0 0 0 0 0 0
1114 12 0 0 6 0 0 2 0 0
1118 36 1 1 4 0 0 4 0 0
1129 4 0 0 0 0 0 0 0 0
1132 3 0 0 1 0 0 0 0 0
1136 1 0 0 0 0 0 1 1 1
1137 3 0 0 2 0 0 1 0 0
1138 2 0 0 0 0 0 0 0 0
1141 3 1 1 0 0 0 1 0 0
1142 2 0 0 1 0 0 1 0 0
1145 1 0 0 0 0 0 1 0 0
1149 4 0 0 1 0 0 0 0 0
1155 3 0 0 1 0 0 2 0 0
1156 1 0 0 0 0 0 0 0 0
1160 16 1 1 2 0 0 6 0 0
1168 4 0 0 0 0 0 2 0 0
1211 4 1 1 2 0 0 2 0 0
1212 2 0 0 0 0 0 0 0 0
1215 4 0 0 2 0 0 2 1 1
1216 6 0 0 4 0 0 2 0 0
1217 2 0 0 0 0 0 0 0 0
1220 6 1 1 2 0 0 0 0 0
1229 4 0 0 0 0 0 0 0 0
1239 18 0 0 8 0 0 2 0 0
1251 8 1 1 4 0 0 0 0 0
1255 2 2 2 1 0 0 0 0 0
1260 6 1 1 2 0 0 2 0 0
1267 4 0 0 0 0 0 0 0 0
1282 6 1 1 2 0 0 0 0 0
1301 4 0 0 2 0 0 2 0 0
1303 10 1 1 4 0 0 0 0 0
1357 6 0 0 2 1 1 0 0 0
1358 2 0 0 1 0 0 1 0 0
1361 8 0 0 2 0 0 2 0 0
1370 4 0 0 2 0 0 0 0 0
1372 8 1 1 4 0 0 2 0 0
1374 4 0 0 2 0 0 0 0 0
1390 4 0 0 0 0 0 2 0 0
1394 4 0 0 2 0 0 0 0 0
1395 4 0 0 2 0 0 0 0 0
1412 4 1 1 2 0 0 0 0 0
1413 2 0 0 0 0 0 1 0 0
1416 6 1 1 2 0 0 4 0 0
1421 4 0 0 2 0 0 0 0 0
1431 4 0 0 2 0 0 0 0 0
1441 6 0 0 2 0 0 2 0 0
1445 8 0 0 2 0 0 0 0 0
1465 16 0 0 14 0 0 0 0 0
fn=fillin_rpath
383 5 2 2 0 0 0 1 0 0
387 3 0 0 0 0 0 1 0 0
444 16 2 2 0 0 0 12 0 0
446 1 0 0 0 0 0 0 0 0
448 12 1 1 4 0 0 2 0 0
455 2 0 0 1 0 0 0 0 0
461 2 0 0 0 0 0 0 0 0
466 2 0 0 0 0 0 1 0 0
467 2 0 0 0 0 0 0 0 0
474 8 2 2 1 0 0 0 0 0
479 3 0 0 0 0 0 1 0 0
483 3 1 1 1 0 0 0 0 0
490 15 0 0 5 0 0 0 0 0
491 8 0 0 4 0 0 0 0 0
509 4 2 2 1 0 0 1 0 0
512 5 1 1 1 0 0 2 0 0
513 2 0 0 1 0 0 0 0 0
515 3 0 0 1 0 0 0 0 0
519 1 0 0 0 0 0 1 0 0
520 1 0 0 0 0 0 0 0 0
521 4 0 0 0 0 0 2 0 0
522 1 1 1 0 0 0 1 0 0
524 2 0 0 1 0 0 0 0 0
530 4 0 0 1 0 0 0 0 0
531 18 1 1 1 0 0 0 0 0
532 11 1 1 0 0 0 4 0 0
534 2 1 1 1 0 0 1 0 0
535 3 0 0 1 0 0 0 0 0
540 2 1 1 0 0 0 1 0 0
542 3 0 0 1 0 0 1 0 0
543 1 0 0 0 0 0 1 0 0
546 2 1 1 0 0 0 1 0 0
548 3 0 0 0 0 0 1 0 0
552 1 0 0 0 0 0 1 0 0
555 9 0 0 7 0 0 0 0 0
fn=open_path
2040 8 1 1 0 0 0 6 1 1
2041 2 0 0 1 0 0 1 1 1
2044 1 1 1 0 0 0 1 0 0
2045 1 0 0 0 0 0 1 0 0
2047 2 0 0 0 0 0 0 0 0
2052 17 1 1 2 0 0 7 2 2
2055 1 0 0 1 0 0 0 0 0
2064 2 0 0 1 0 0 0 0 0
2071 5 0 0 2 0 0 2 1 1
2072 21 1 1 1 0 0 0 0 0
2075 8 1 1 4 0 0 0 0 0
2078 8 0 0 0 0 0 0 0 0
2079 32 1 1 20 0 0 8 0 0
2080 16 0 0 4 0 0 0 0 0
2085 8 1 1 4 0 0 0 0 0
2086 3 1 1 0 0 0 0 0 0
2088 40 0 0 20 0 0 8 1 1
2090 20 0 0 12 0 0 0 0 0
2092 8 0 0 0 0 0 0 0 0
2097 8 1 1 4 0 0 0 0 0
2098 36 0 0 16 0 0 0 0 0
2104 14 1 1 4 0 0 5 0 0
2106 24 0 0 4 0 0 4 0 0
2107 2 0 0 1 0 0 0 0 0
2109 17 1 1 0 0 0 4 0 0
2116 12 0 0 4 0 0 0 0 0
2126 4 1 1 1 0 0 1 0 0
2154 1 0 0 0 0 0 0 0 0
2157 7 2 2 1 0 0 0 0 0
2162 1 0 0 1 0 0 0 0 0
2164 4 0 0 3 0 0 0 0 0
2167 3 0 0 1 0 0 0 0 0
2181 8 0 0 7 0 0 0 0 0
fn=open_verify.constprop.7
1717 84 2 1 6 0 0 54 2 2
1756 28 1 0 6 0 0 0 0 0
1787 30 1 1 0 0 0 12 0 0
1789 14 0 0 0 0 0 0 0 0
1799 2 1 1 0 0 0 2 0 0
1800 4 0 0 0 0 0 2 0 0
1805 16 0 0 4 0 0 4 0 0
1807 4 0 0 0 0 0 0 0 0
1809 6 1 1 2 0 0 2 0 0
1811 4 0 0 0 0 0 0 0 0
1817 4 0 0 0 0 0 0 0 0
1826 2 1 1 1 0 0 0 0 0
1833 36 3 3 5 2 2 5 0 0
1907 4 0 0 2 0 0 0 0 0
1912 4 0 0 2 0 0 0 0 0
1914 8 0 0 2 0 0 0 0 0
1920 4 1 1 0 0 0 0 0 0
1931 4 0 0 2 0 0 0 0 0
1937 12 0 0 2 0 0 0 0 0
1938 8 0 0 2 0 0 0 0 0
1939 6 1 1 2 0 0 2 0 0
1959 108 1 1 14 0 0 0 0 0
1961 36 1 1 17 12 12 0 0 0
1965 8 0 0 4 0 0 0 0 0
1966 6 0 0 2 0 0 0 0 0
1975 18 1 1 0 0 0 3 0 0
1978 14 0 0 4 0 0 0 0 0
1982 6 0 0 0 0 0 0 0 0
1987 1 0 0 0 0 0 0 0 0
1988 1 0 0 0 0 0 0 0 0
1991 2 0 0 0 0 0 0 0 0
1994 7 0 0 3 0 0 0 0 0
1997 3 0 0 1 0 0 0 0 0
1998 5 0 0 1 0 0 0 0 0
2003 4 0 0 0 0 0 0 0 0
2026 48 2 2 42 0 0 0 0 0
fl=/build/glibc-Cl5G7W/glibc-2.23/elf/dl-lookup.c
fn=_dl_lookup_symbol_x
568 5232 1 1 1226 83 81 82 0 0
569 4576 0 0 0 0 0 0 0 0
806 1230 2 2 82 0 0 738 4 2
808 164 0 0 0 0 0 82 0 0
809 164 0 0 0 0 0 164 2 1
812 82 0 0 82 2 1 0 0 0
816 314 0 0 75 0 0 0 0 0
820 574 1 1 164 0 0 246 2 1
821 164 0 0 0 0 0 0 0 0
823 164 1 1 164 2 0 0 0 0
827 276 0 0 6 0 0 0 0 0
829 1148 1 1 574 0 0 574 2 1
832 246 0 0 0 0 0 0 0 0
835 6 0 0 0 0 0 0 0 0
858 164 0 0 82 0 0 0 0 0
860 42 1 1 12 0 0 0 0 0
876 6 0 0 0 0 0 6 0 0
877 12 0 0 0 0 0 0 0 0
880 76 0 0 76 0 0 0 0 0
881 532 1 1 152 0 0 0 0 0
912 76 0 0 0 0 0 0 0 0
921 380 0 0 76 0 0 0 0 0
935 228 0 0 76 2 1 0 0 0
936 2 1 1 0 0 0 1 0 0
938 304 1 1 152 0 0 0 0 0
943 76 0 0 0 0 0 76 0 0
945 656 0 0 574 0 0 0 0 0
fn=_dl_setup_hash
956 12 1 1 4 0 0 0 0 0
960 4 0 0 4 0 0 0 0 0
964 8 0 0 4 4 4 4 0 0
965 4 0 0 4 0 0 0 0 0
966 4 0 0 4 1 1 0 0 0
968 12 0 0 0 0 0 0 0 0
969 4 0 0 0 0 0 4 0 0
970 12 1 1 4 0 0 4 0 0
972 4 0 0 0 0 0 4 0 0
973 8 0 0 0 0 0 0 0 0
975 4 0 0 0 0 0 4 0 0
977 12 0 0 0 0 0 4 0 0
978 4 0 0 4 0 0 0 0 0
fn=check_match
92 608 1 1 152 8 7 304 0 0
95 532 1 1 152 7 7 0 0 0
107 456 0 0 76 0 0 76 2 1
110 376 0 0 24 0 0 12 1 1
114 76 0 0 76 1 0 0 0 0
115 152 1 1 0 0 0 0 0 0
117 150 0 0 0 0 0 0 0 0
136 150 0 0 150 3 1 0 0 0
137 600 1 1 225 3 1 0 0 0
138 450 1 1 150 2 1 75 1 0
165 2 0 0 0 0 0 0 0 0
167 6 0 0 2 0 0 0 0 0
168 4 1 1 0 0 0 0 0 0
176 76 0 0 0 0 0 0 0 0
183 456 0 0 380 0 0 0 0 0
fn=do_lookup_x
311 181 0 0 0 0 0 0 0 0
355 984 2 2 82 0 0 820 6 4
356 82 0 0 82 2 1 0 0 0
362 82 0 0 82 0 0 0 0 0
366 514 0 0 514 10 4 0 0 0
369 514 1 1 0 0 0 0 0 0
373 924 0 0 82 0 0 164 0 0
377 514 0 0 257 6 2 0 0 0
381 514 0 0 257 2 1 0 0 0
387 771 0 0 257 3 2 0 0 0
391 257 1 1 0 0 0 257 0 0
392 257 0 0 0 0 0 257 0 0
395 771 0 0 514 12 4 257 0 0
396 771 0 0 514 3 1 257 0 0
399 257 0 0 257 0 0 0 0 0
400 514 0 0 0 0 0 0 0 0
402 771 1 1 771 37 34 0 0 0
403 328 1 1 0 0 0 82 0 0
410 3319 0 0 853 0 0 164 0 0
413 480 2 2 240 44 44 0 0 0
415 160 0 0 0 0 0 0 0 0
417 1040 1 1 320 0 0 400 0 0
420 790 0 0 158 59 58 0 0 0
422 304 1 1 76 0 0 0 0 0
423 1140 1 1 532 0 0 456 1 0
427 228 0 0 0 0 0 0 0 0
430 246 0 0 0 0 0 0 0 0
439 684 2 2 380 0 0 0 0 0
461 8 1 1 4 0 0 0 0 0
469 152 1 1 76 0 0 0 0 0
519 564 0 0 76 0 0 0 0 0
523 33 0 0 11 2 1 0 0 0
535 152 1 1 76 0 0 76 0 0
536 76 0 0 0 0 0 76 0 0
537 152 0 0 0 0 0 0 0 0
553 1292 1 1 491 0 0 0 0 0
554 80 0 0 0 0 0 16 0 0
555 28 2 2 20 0 0 0 0 0
557 543 0 0 0 0 0 0 0 0
560 6 0 0 0 0 0 0 0 0
561 656 1 1 574 0 0 0 0 0
fl=/build/glibc-Cl5G7W/glibc-2.23/elf/dl-minimal.c
fn=__libc_memalign
52 66 2 1 0 0 0 44 0 0
53 87 0 0 43 0 0 0 0 0
58 5 0 0 0 0 0 1 0 0
59 2 1 1 1 0 0 0 0 0
64 88 0 0 0 0 0 22 0 0
67 146 2 1 0 0 0 0 0 0
71 8 0 0 2 0 0 0 0 0
72 4 0 0 0 0 0 0 0 0
78 16 0 0 0 0 0 2 0 0
80 10 0 0 4 0 0 0 0 0
84 6 0 0 0 0 0 2 0 0
87 22 1 1 0 0 0 22 0 0
88 22 0 0 0 0 0 22 0 0
90 110 0 0 66 0 0 0 0 0
fn=calloc
103 8 1 1 0 0 0 0 0 0
107 8 0 0 0 0 0 0 0 0
111 40 0 0 0 0 0 0 0 0
114 8 0 0 0 0 0 0 0 0
fn=free
120 1 1 1 0 0 0 1 0 0
122 3 0 0 1 0 0 0 0 0
129 2 0 0 2 0 0 0 0 0
fn=malloc
94 21 0 0 0 0 0 0 0 0
95 42 0 0 0 0 0 0 0 0
fn=strsep
354 4 1 1 2 0 0 0 0 0
356 2 0 0 2 0 0 0 0 0
357 4 0 0 0 0 0 0 0 0
361 77 1 1 15 0 0 0 0 0
366 56 0 0 28 0 0 0 0 0
368 84 0 0 28 0 0 0 0 0
376 14 0 0 0 0 0 0 0 0
379 1 0 0 0 0 0 1 0 0
383 2 0 0 2 0 0 0 0 0
fl=/build/glibc-Cl5G7W/glibc-2.23/elf/dl-misc.c
fn=_dl_name_match_p
288 150 1 1 0 0 0 60 0 0
289 120 0 0 30 1 0 30 1 1
290 33 0 0 0 0 0 0 0 0
292 30 0 0 30 0 0 0 0 0
294 122 0 0 0 0 0 0 0 0
295 170 1 1 34 2 1 34 0 0
298 31 0 0 31 0 0 0 0 0
300 27 0 0 0 0 0 0 0 0
301 150 0 0 90 0 0 0 0 0
fn=_dl_sysdep_read_whole_file
45 8 2 2 0 0 0 4 0 0
52 3 0 0 0 0 0 1 0 0
53 2 0 0 0 0 0 0 0 0
55 7 0 0 0 0 0 1 0 0
57 2 0 0 1 0 0 1 0 0
60 2 0 0 0 0 0 0 0 0
62 8 1 1 0 0 0 1 0 0
73 2 0 0 0 0 0 1 0 0
76 7 0 0 5 0 0 0 0 0
fl=/build/glibc-Cl5G7W/glibc-2.23/elf/dl-object.c
fn=_dl_add_to_namespace_list
32 15 1 1 0 0 0 9 0 0
34 9 0 0 3 0 0 3 0 0
36 22 0 0 3 0 0 0 0 0
39 15 0 0 5 0 0 0 0 0
41 2 0 0 0 0 0 2 0 0
43 2 0 0 0 0 0 2 0 0
46 2 0 0 0 0 0 1 0 0
47 9 1 1 3 0 0 0 0 0
48 6 0 0 3 0 0 3 0 0
49 6 0 0 0 0 0 3 0 0
51 6 0 0 3 0 0 0 0 0
52 9 0 0 9 0 0 0 0 0
fn=_dl_new_object
61 42 1 1 0 0 0 30 3 3
62 9 0 0 0 0 0 3 0 0
68 39 3 3 6 1 1 0 0 0
75 15 0 0 0 0 0 6 0 0
78 6 1 1 0 0 0 0 0 0
81 3 0 0 0 0 0 3 2 2
82 6 0 0 0 0 0 3 3 3
85 6 0 0 0 0 0 3 1 1
87 15 0 0 6 0 0 6 1 1
89 3 1 1 0 0 0 3 0 0
97 18 0 0 6 0 0 3 1 1
98 18 0 0 6 3 3 3 0 0
101 6 0 0 3 0 0 0 0 0
102 8 0 0 2 0 0 3 3 3
103 3 1 1 0 0 0 3 0 0
107 3 0 0 0 0 0 3 0 0
110 44 0 0 0 0 0 0 0 0
112 32 0 0 0 0 0 16 4 4
122 6 0 0 0 0 0 3 1 1
123 3 1 1 0 0 0 3 3 3
128 18 0 0 3 1 1 0 0 0
130 8 0 0 0 0 0 2 1 1
133 8 1 1 0 0 0 0 0 0
137 6 0 0 2 0 0 0 0 0
141 12 1 1 0 0 0 0 0 0
143 5 1 1 1 0 0 0 0 0
149 1 0 0 0 0 0 1 0 0
152 6 1 1 0 0 0 3 0 0
155 9 0 0 0 0 0 3 0 0
157 14 0 0 2 0 0 4 0 0
161 8 0 0 2 0 0 0 0 0
165 6 0 0 0 0 0 2 0 0
166 8 0 0 0 0 0 0 0 0
168 1 1 1 0 0 0 0 0 0
211 48 1 1 4 0 0 2 0 0
216 42 0 0 0 0 0 0 0 0
217 88 0 0 42 0 0 0 0 0
222 4 0 0 0 0 0 2 0 0
225 4 0 0 0 0 0 2 0 0
229 24 0 0 21 0 0 0 0 0
fl=/build/glibc-Cl5G7W/glibc-2.23/elf/dl-reloc.c
fn=_dl_relocate_object
149 48 2 2 0 0 0 32 0 0
156 4 0 0 0 0 0 4 0 0
159 8 0 0 0 0 0 0 0 0
160 24 0 0 0 0 0 12 0 0
164 8 0 0 0 0 0 0 0 0
165 24 0 0 4 1 0 4 0 0
171 8 1 1 4 0 0 0 0 0
177 12 0 0 4 0 0 0 0 0
178 8 1 1 4 3 0 0 0 0
181 8 0 0 4 0 0 0 0 0
188 8 0 0 4 0 0 0 0 0
232 12 1 1 8 0 0 4 0 0
258 192 3 3 59 12 0 53 0 0
261 16 0 0 4 0 0 0 0 0
285 4 0 0 4 0 0 0 0 0
288 8 0 0 4 0 0 0 0 0
305 12 0 0 4 3 0 0 0 0
307 32 0 0 28 1 0 0 0 0
313 28 2 2 12 0 0 4 0 0
316 8 0 0 0 0 0 0 0 0
320 8 0 0 0 0 0 0 0 0
321 28 1 1 4 0 0 4 0 0
fl=/build/glibc-Cl5G7W/glibc-2.23/elf/dl-tls.c
fn=_dl_add_to_slotinfo
890 4 1 1 0 0 0 3 0 0
896 2 1 1 1 0 0 0 0 0
899 1 0 0 1 1 0 0 0 0
904 5 0 0 1 0 0 0 0 0
945 1 0 0 0 0 0 1 1 0
946 3 1 1 1 1 0 1 0 0
947 4 0 0 4 0 0 0 0 0
fn=_dl_allocate_tls_init
449 7 0 0 0 0 0 6 0 0
450 2 1 1 0 0 0 0 0 0
454 2 0 0 1 1 0 1 0 0
456 1 0 0 0 0 0 1 0 0
457 3 0 0 1 0 0 0 0 0
460 4 1 1 2 1 0 1 0 0
472 1 0 0 1 0 0 0 0 0
477 9 0 0 1 0 0 0 0 0
483 16 1 1 1 0 0 1 0 0
486 1 0 0 1 0 0 0 0 0
487 2 1 1 0 0 0 0 0 0
493 3 0 0 2 0 0 0 0 0
494 2 0 0 0 0 0 0 0 0
496 5 0 0 2 0 0 1 0 0
497 1 0 0 0 0 0 1 0 0
499 3 0 0 0 0 0 0 0 0
500 1 1 1 1 0 0 0 0 0
503 2 0 0 0 0 0 0 0 0
504 4 0 0 2 0 0 0 0 0
506 2 0 0 0 0 0 0 0 0
515 12 1 1 4 0 0 2 0 0
529 2 1 1 1 0 0 1 0 0
531 1 0 0 1 0 0 0 0 0
532 8 0 0 7 0 0 0 0 0
fn=_dl_allocate_tls_storage
321 2 1 1 1 0 0 0 0 0
322 3 0 0 0 0 0 1 0 0
323 2 0 0 0 0 0 0 0 0
326 1 0 0 0 0 0 1 1 1
332 2 0 0 0 0 0 1 0 0
354 3 1 1 0 0 0 3 0 0
356 1 0 0 1 0 0 0 0 0
367 3 0 0 1 0 0 1 0 0
368 2 0 0 0 0 0 0 0 0
375 2 1 1 0 0 0 0 0 0
379 297 0 0 0 0 0 289 36 36
396 5 0 0 4 0 0 0 0 0
fn=_dl_count_modids
115 2 1 1 1 0 0 0 0 0
116 2 0 0 2 0 0 0 0 0
fn=_dl_determine_tlsoffset
138 7 1 1 0 0 0 6 0 0
144 3 0 0 1 0 0 0 0 0
147 2 0 0 1 0 0 0 0 0
183 9 0 0 2 1 1 0 0 0
185 10 1 1 1 0 0 0 0 0
187 4 0 0 1 0 0 0 0 0
188 1 1 1 1 0 0 0 0 0
190 3 1 1 0 0 0 0 0 0
192 7 0 0 1 0 0 0 0 0
208 6 0 0 0 0 0 0 0 0
210 4 0 0 0 0 0 0 0 0
220 1 1 1 0 0 0 1 0 0
223 4 0 0 0 0 0 1 0 0
224 1 0 0 0 0 0 1 0 0
275 1 1 1 0 0 0 1 0 0
276 8 0 0 7 0 0 0 0 0
fn=_dl_next_tls_modid
49 1 1 1 0 0 0 0 0 0
52 4 0 0 2 0 0 0 0 0
100 1 0 0 0 0 0 1 0 0
104 2 1 1 1 0 0 0 0 0
fl=/build/glibc-Cl5G7W/glibc-2.23/elf/dl-version.c
fn=_dl_check_all_versions
380 5 1 1 0 0 0 4 0 0
384 19 0 0 4 0 0 0 0 0
385 4 0 0 0 0 0 0 0 0
386 40 1 1 4 0 0 4 0 0
389 7 0 0 5 0 0 0 0 0
fn=_dl_check_map_versions
56 24 0 0 4 0 0 0 0 0
57 5 0 0 5 0 0 0 0 0
58 37 1 1 0 0 0 7 0 0
174 36 1 1 0 0 0 24 0 0
175 2 0 0 0 0 0 0 0 0
183 2 0 0 0 0 0 0 0 0
189 12 1 1 4 0 0 0 0 0
190 2 0 0 0 0 0 0 0 0
191 8 0 0 4 0 0 4 0 0
193 8 0 0 4 0 0 4 0 0
194 16 0 0 4 0 0 12 0 0
196 8 0 0 0 0 0 0 0 0
199 6 1 1 4 0 0 2 0 0
203 10 0 0 2 2 2 0 0 0
220 4 0 0 4 0 0 0 0 0
228 6 0 0 2 0 0 0 0 0
233 16 1 1 4 0 0 0 0 0
237 74 1 1 40 1 1 8 0 0
244 24 0 0 12 0 0 0 0 0
247 12 0 0 4 0 0 0 0 0
252 2 0 0 0 0 0 0 0 0
256 12 1 1 4 0 0 0 0 0
270 8 1 1 4 0 0 0 0 0
273 8 0 0 6 0 0 0 0 0
276 120 0 0 30 6 6 0 0 0
279 90 0 0 30 3 3 0 0 0
283 28 0 0 0 0 0 0 0 0
287 9 1 1 0 0 0 0 0 0
292 3 0 0 0 0 0 3 0 0
293 12 0 0 0 0 0 3 0 0
294 6 1 1 0 0 0 0 0 0
302 3 0 0 0 0 0 3 0 0
305 9 0 0 6 0 0 3 1 0
307 9 0 0 3 0 0 0 0 0
310 8 1 1 6 0 0 0 0 0
314 6 0 0 2 0 0 0 0 0
317 12 0 0 4 0 0 0 0 0
319 12 0 0 0 0 0 0 0 0
321 20 0 0 4 0 0 4 0 0
322 12 0 0 0 0 0 4 2 2
323 12 1 1 4 0 0 4 0 0
324 12 0 0 4 0 0 4 1 1
327 12 0 0 4 0 0 0 0 0
332 2 0 0 0 0 0 0 0 0
335 6 0 0 2 0 0 0 0 0
345 9 0 0 3 0 0 0 0 0
348 8 1 1 6 0 0 0 0 0
352 28 0 0 28 0 0 0 0 0
354 60 0 0 30 0 0 0 0 0
359 168 0 0 56 0 0 28 8 8
360 84 0 0 28 0 0 28 0 0
361 28 0 0 0 0 0 28 3 3
364 90 0 0 30 0 0 0 0 0
368 28 0 0 0 0 0 0 0 0
374 35 1 1 28 0 0 0 0 0
fn=match_symbol
76 52 2 2 0 0 0 32 0 0
77 8 0 0 8 0 0 0 0 0
85 8 0 0 4 0 0 0 0 0
91 12 0 0 4 0 0 0 0 0
106 4 1 1 4 0 0 0 0 0
107 8 0 0 0 0 0 0 0 0
109 4 0 0 4 0 0 0 0 0
114 36 0 0 18 6 6 0 0 0
128 36 0 0 18 0 0 0 0 0
133 28 1 1 8 0 0 4 0 0
140 42 0 0 14 2 2 0 0 0
144 14 0 0 0 0 0 0 0 0
168 32 0 0 28 0 0 0 0 0
fl=/build/glibc-Cl5G7W/glibc-2.23/elf/do-rel.h
fn=_dl_relocate_object
47 24 0 0 8 0 0 8 0 0
48 8 0 0 8 0 0 0 0 0
58 24 1 1 8 0 0 0 0 0
61 81 0 0 0 0 0 0 0 0
63 88 1 1 22 7 7 0 0 0
65 26 0 0 0 0 0 0 0 0
74 6 0 0 0 0 0 0 0 0
75 46 2 2 17 0 0 0 0 0
76 16 0 0 8 0 0 0 0 0
83 10 0 0 5 0 0 5 0 0
84 5 1 1 5 0 0 0 0 0
86 15 1 1 5 0 0 0 0 0
98 15 0 0 0 0 0 0 0 0
108 9 1 1 1 1 1 0 0 0
111 3584 1 1 0 0 0 0 0 0
112 2384 0 0 1192 0 0 0 0 0
118 15 0 0 5 4 0 0 0 0
121 8 0 0 4 3 0 4 0 0
124 296 1 1 99 1 0 3 1 0
127 368 0 0 92 25 21 0 0 0
129 8 0 0 0 0 0 0 0 0
136 368 0 0 184 46 43 0 0 0
137 593 0 0 92 0 0 92 1 0
138 92 1 1 92 1 0 0 0 0
139 184 0 0 92 0 0 0 0 0
143 6 0 0 0 0 0 0 0 0
160 24 3 3 8 0 0 3 0 0
162 20 0 0 5 2 2 0 0 0
170 30 1 1 5 0 0 5 0 0
171 10 0 0 10 0 0 0 0 0
174 2 0 0 0 0 0 0 0 0
fn=_dl_start
83 1 0 0 1 0 0 0 0 0
84 1 0 0 1 0 0 0 0 0
111 33 0 0 0 0 0 0 0 0
112 20 0 0 10 2 2 0 0 0
116 2 0 0 1 0 0 0 0 0
124 22 0 0 0 0 0 0 0 0
136 6 0 0 6 2 2 0 0 0
137 36 1 1 6 0 0 0 0 0
fl=/build/glibc-Cl5G7W/glibc-2.23/elf/get-dynamic-info.h
fn=_dl_map_object_from_fd
39 4 0 0 0 0 0 0 0 0
43 2 0 0 0 0 0 0 0 0
45 141 0 0 47 13 13 0 0 0
47 90 0 0 0 0 0 0 0 0
60 42 0 0 0 0 0 0 0 0
61 71 1 1 0 0 0 43 11 11
62 8 0 0 0 0 0 0 0 0
64 2 0 0 0 0 0 0 0 0
65 10 1 1 0 0 0 0 0 0
67 2 0 0 0 0 0 0 0 0
68 10 0 0 0 0 0 0 0 0
70 10 0 0 0 0 0 2 0 0
71 45 0 0 0 0 0 0 0 0
78 4 0 0 0 0 0 0 0 0
98 7 0 0 3 0 0 0 0 0
99 8 1 1 4 0 0 0 0 0
100 8 0 0 4 0 0 0 0 0
101 8 0 0 4 0 0 0 0 0
103 8 0 0 4 0 0 0 0 0
108 8 1 1 4 0 0 0 0 0
109 7 0 0 3 1 1 0 0 0
110 8 0 0 4 0 0 0 0 0
116 6 0 0 2 0 0 0 0 0
121 4 0 0 2 0 0 0 0 0
128 4 1 1 2 0 0 0 0 0
129 6 0 0 4 0 0 0 0 0
145 6 0 0 2 1 1 0 0 0
150 2 0 0 1 0 0 1 0 0
152 2 0 0 0 0 0 0 0 0
154 2 0 0 0 0 0 0 0 0
156 2 0 0 0 0 0 0 0 0
159 6 1 1 2 0 0 0 0 0
161 4 0 0 1 0 0 1 0 0
169 2 0 0 1 0 0 0 0 0
174 2 1 1 0 0 0 0 0 0
177 4 0 0 2 0 0 0 0 0
fn=_dl_start
45 57 1 1 19 6 6 0 0 0
47 36 0 0 0 0 0 0 0 0
48 26 0 0 0 0 0 13 4 4
60 21 0 0 0 0 0 0 0 0
61 18 2 2 0 0 0 4 3 3
62 4 1 1 0 0 0 0 0 0
64 1 0 0 0 0 0 0 0 0
65 5 1 1 0 0 0 0 0 0
67 2 0 0 0 0 0 0 0 0
68 5 1 1 0 0 0 0 0 0
70 6 0 0 0 0 0 1 1 1
71 18 0 0 0 0 0 0 0 0
78 2 0 0 0 0 0 0 0 0
98 4 0 0 2 0 0 0 0 0
99 4 0 0 2 0 0 0 0 0
100 4 1 1 2 0 0 0 0 0
101 4 0 0 2 0 0 0 0 0
103 4 0 0 2 0 0 0 0 0
108 4 0 0 2 0 0 0 0 0
109 4 1 1 2 0 0 0 0 0
110 4 0 0 2 0 0 0 0 0
116 3 0 0 1 0 0 0 0 0
121 2 0 0 1 0 0 0 0 0
128 3 0 0 1 0 0 0 0 0
129 3 1 1 2 0 0 0 0 0
137 3 0 0 1 0 0 0 0 0
139 3 0 0 1 0 0 0 0 0
142 2 1 1 1 0 0 0 0 0
143 2 0 0 1 0 0 0 0 0
fn=dl_main
30 1 0 0 1 0 0 0 0 0
39 2 0 0 0 0 0 0 0 0
43 1 0 0 0 0 0 0 0 0
45 72 0 0 24 7 7 0 0 0
47 46 0 0 0 0 0 0 0 0
60 17 0 0 0 0 0 0 0 0
61 33 0 0 0 0 0 22 6 6
62 4 1 1 0 0 0 0 0 0
64 1 0 0 0 0 0 0 0 0
65 5 1 1 0 0 0 0 0 0
67 1 1 1 0 0 0 0 0 0
68 5 1 1 0 0 0 0 0 0
70 5 0 0 0 0 0 1 0 0
71 23 0 0 0 0 0 0 0 0
78 3 0 0 1 0 0 0 0 0
116 3 1 1 1 0 0 0 0 0
121 2 0 0 1 0 0 0 0 0
128 2 0 0 1 0 0 0 0 0
129 3 1 1 2 0 0 0 0 0
145 3 0 0 1 0 0 0 0 0
159 3 1 1 1 0 0 0 0 0
177 2 1 1 1 0 0 0 0 0
fl=/build/glibc-Cl5G7W/glibc-2.23/elf/rtld.c
fn=_dl_initial_error_catch_tsd
664 8 0 0 4 0 0 0 0 0
fn=_dl_start
302 2 0 0 0 0 0 1 1 1
303 2 0 0 0 0 0 1 0 0
304 2 0 0 0 0 0 1 1 1
305 2 0 0 0 0 0 1 0 0
306 2 1 1 0 0 0 1 0 0
314 5 0 0 0 0 0 1 1 1
317 1 0 0 0 0 0 1 0 0
323 4 0 0 0 0 0 1 0 0
332 1 0 0 0 0 0 0 0 0
335 5 0 0 1 1 0 1 1 0
339 2 1 0 1 0 0 0 0 0
353 9 2 2 0 0 0 6 1 1
371 5 0 0 0 0 0 1 1 1
394 1 0 0 0 0 0 1 0 0
397 1 0 0 0 0 0 1 1 1
408 2 0 0 0 0 0 0 0 0
413 26 2 2 9 0 0 0 0 0
415 1 1 1 1 1 1 0 0 0
440 9 0 0 7 1 0 0 0 0
fn=dl_main
719 1 0 0 1 0 0 0 0 0
721 3 0 0 1 0 0 1 0 0
730 1 1 1 0 0 0 1 0 0
732 1 0 0 0 0 0 1 0 0
737 1 0 0 0 0 0 1 0 0
790 12 2 2 0 0 0 7 2 2
799 1 0 0 0 0 0 0 0 0
805 1 0 0 0 0 0 1 0 0
809 2 0 0 0 0 0 1 0 0
812 2 0 0 0 0 0 1 1 1
816 2 0 0 0 0 0 1 1 1
817 2 1 1 0 0 0 1 0 0
822 2 0 0 0 0 0 1 0 0
832 3 1 1 1 0 0 0 0 0
1033 8 1 1 0 0 0 1 0 0
1035 2 0 0 0 0 0 0 0 0
1036 1 0 0 0 0 0 1 0 0
1037 2 1 1 1 0 0 1 0 0
1038 2 0 0 1 0 0 1 0 0
1042 3 0 0 0 0 0 1 0 0
1043 3 0 0 1 0 0 0 0 0
1064 1 0 0 0 0 0 1 1 1
1065 1 1 1 0 0 0 1 0 0
1067 1 0 0 0 0 0 1 0 0
1069 1 0 0 1 0 0 0 0 0
1072 35 0 0 1 0 0 0 0 0
1073 71 1 1 9 5 5 0 0 0
1077 3 1 1 1 0 0 1 0 0
1078 1 0 0 0 0 0 0 0 0
1082 3 1 1 2 0 0 1 0 0
1083 1 0 0 0 0 0 0 0 0
1091 1 0 0 0 0 0 1 1 1
1092 2 0 0 2 1 1 0 0 0
1094 3 1 1 0 0 0 1 0 0
1101 2 0 0 1 0 0 0 0 0
1119 1 0 0 0 0 0 0 0 0
1127 8 0 0 2 0 0 0 0 0
1128 7 2 2 3 1 1 0 0 0
1129 4 1 1 2 0 0 0 0 0
1130 1 0 0 0 0 0 1 0 0
1133 4 0 0 2 1 1 0 0 0
1134 4 0 0 2 0 0 0 0 0
1135 2 0 0 0 0 0 2 0 0
1136 6 0 0 3 0 0 0 0 0
1137 2 0 0 0 0 0 1 0 0
1164 2 0 0 1 0 0 1 0 0
1165 1 0 0 0 0 0 0 0 0
1168 2 1 1 1 0 0 1 0 0
1169 2 0 0 1 0 0 1 0 0
1170 1 0 0 0 0 0 0 0 0
1175 5 1 1 3 1 1 0 0 0
1178 2 0 0 0 0 0 0 0 0
1180 2 0 0 0 0 0 0 0 0
1182 3 1 1 1 0 0 0 0 0
1195 3 0 0 1 0 0 0 0 0
1196 8 0 0 4 0 0 1 0 0
1201 1 0 0 0 0 0 1 0 0
1203 1 1 1 0 0 0 1 1 1
1204 1 0 0 0 0 0 1 0 0
1206 2 0 0 1 0 0 0 0 0
1207 2 0 0 0 0 0 1 0 0
1211 2 0 0 1 0 0 0 0 0
1213 2 1 1 0 0 0 0 0 0
1218 2 0 0 0 0 0 1 0 0
1221 2 0 0 1 0 0 0 0 0
1237 3 1 1 0 0 0 1 0 0
1243 9 1 1 1 0 0 2 0 0
1248 2 1 1 1 0 0 1 0 0
1251 4 1 1 1 0 0 1 0 0
1253 1 0 0 0 0 0 1 0 0
1258 2 0 0 1 0 0 0 0 0
1261 3 0 0 2 0 0 1 0 0
1262 4 1 1 1 0 0 1 0 0
1263 2 0 0 0 0 0 1 0 0
1264 1 0 0 0 0 0 1 0 0
1265 1 0 0 1 0 0 0 0 0
1266 1 0 0 1 0 0 0 0 0
1271 2 0 0 1 0 0 0 0 0
1272 5 0 0 1 0 0 1 0 0
1289 2 1 1 1 1 1 0 0 0
1290 2 0 0 1 0 0 0 0 0
1292 4 0 0 1 0 0 0 0 0
1294 2 1 1 0 0 0 1 0 0
1295 4 0 0 1 0 0 1 1 1
1300 3 0 0 0 0 0 0 0 0
1301 5 0 0 1 1 1 0 0 0
1303 2 0 0 1 0 0 1 1 1
1304 2 0 0 1 0 0 1 0 0
1309 2 1 1 1 0 0 0 0 0
1314 3 0 0 1 0 0 0 0 0
1491 2 0 0 0 0 0 2 0 0
1499 3 1 1 1 0 0 0 0 0
1502 1 0 0 0 0 0 1 0 0
1506 3 0 0 1 0 0 0 0 0
1511 1 0 0 0 0 0 1 0 0
1512 1 0 0 0 0 0 1 0 0
1513 1 0 0 0 0 0 0 0 0
1517 3 0 0 1 0 0 0 0 0
1532 3 1 1 2 0 0 0 0 0
1533 1 0 0 0 0 0 0 0 0
1534 1 0 0 0 0 0 0 0 0
1536 3 0 0 1 0 0 0 0 0
1538 5 0 0 0 0 0 0 0 0
1539 3 0 0 0 0 0 1 0 0
1540 1 0 0 0 0 0 0 0 0
1542 6 1 1 1 0 0 1 0 0
1552 5 0 0 0 0 0 1 0 0
1629 4 0 0 2 0 0 0 0 0
1633 8 1 1 0 0 0 0 0 0
1634 1 0 0 0 0 0 0 0 0
1637 3 0 0 0 0 0 1 0 0
1638 1 0 0 1 0 0 0 0 0
1639 2 0 0 0 0 0 0 0 0
1640 2 0 0 0 0 0 0 0 0
1646 5 1 1 0 0 0 0 0 0
1647 8 0 0 1 0 0 1 0 0
1648 1 0 0 0 0 0 0 0 0
1650 6 1 1 1 0 0 1 0 0
1653 13 0 0 2 0 0 0 0 0
1654 16 0 0 8 0 0 0 0 0
1657 3 1 1 2 0 0 1 0 0
1658 4 1 1 1 0 0 0 0 0
1659 1 0 0 0 0 0 1 0 0
1661 10 1 1 0 0 0 0 0 0
1662 11 0 0 4 0 0 0 0 0
1672 2 1 1 0 0 0 1 0 0
1674 2 1 1 1 0 0 1 0 0
1675 3 0 0 1 0 0 0 0 0
1677 2 0 0 0 0 0 1 0 0
1679 3 0 0 0 0 0 0 0 0
1681 3 0 0 1 0 0 0 0 0
1682 1 0 0 1 0 0 0 0 0
1695 2 1 1 0 0 0 0 0 0
1696 2 0 0 0 0 0 1 0 0
1697 3 0 0 1 0 0 0 0 0
1708 5 1 1 1 0 0 1 0 0
1709 1 0 0 0 0 0 1 0 0
1710 5 0 0 0 0 0 1 0 0
1720 2 0 0 1 0 0 1 0 0
1721 2 1 1 1 0 0 0 0 0
1722 2 0 0 0 0 0 2 0 0
1724 2 0 0 1 0 0 0 0 0
1729 3 0 0 1 0 0 0 0 0
1959 3 0 0 1 1 1 0 0 0
2015 2 1 1 0 0 0 1 0 0
2019 4 1 1 2 0 0 2 0 0
2023 2 0 0 1 0 0 1 0 0
2026 2 0 0 1 0 0 0 0 0
2080 3 1 1 1 0 0 0 0 0
2087 1 0 0 1 0 0 0 0 0
2089 7 1 1 1 0 0 1 0 0
2091 11 1 1 0 0 0 0 0 0
2093 12 0 0 8 1 0 0 0 0
2098 8 0 0 8 0 0 0 0 0
2100 10 0 0 0 0 0 0 0 0
2102 1 1 1 0 0 0 1 0 0
2103 1 0 0 1 0 0 0 0 0
2106 4 0 0 4 0 0 0 0 0
2108 9 0 0 0 0 0 0 0 0
2109 24 0 0 6 2 0 3 0 0
2113 14 0 0 5 2 0 0 0 0
2114 3 0 0 0 0 0 1 0 0
2116 1 0 0 0 0 0 0 0 0
2118 6 0 0 1 1 0 1 0 0
2124 2 0 0 1 0 0 0 0 0
2129 4 1 1 2 1 0 0 0 0
2131 1 0 0 1 0 0 0 0 0
2136 3 1 1 1 0 0 1 0 0
2139 2 0 0 1 0 0 0 0 0
2148 3 0 0 2 0 0 0 0 0
2150 2 1 1 1 0 0 0 0 0
2165 5 0 0 0 0 0 0 0 0
2167 1 0 0 1 0 0 0 0 0
2168 5 0 0 1 0 0 1 0 0
2169 1 0 0 0 0 0 0 0 0
2171 6 1 1 1 0 0 1 0 0
2179 1 0 0 0 0 0 1 0 0
2183 3 0 0 1 0 0 0 0 0
2203 4 0 0 0 0 0 1 0 0
2204 1 0 0 0 0 0 1 0 0
2205 1 0 0 0 0 0 1 0 0
2206 1 0 0 0 0 0 0 0 0
2210 1 1 1 0 0 0 1 0 0
2215 8 0 0 7 2 0 0 0 0
2383 2 0 0 1 0 0 1 0 0
2385 1 0 0 0 0 0 1 1 1
2386 1 0 0 0 0 0 0 0 0
2390 13 1 1 1 0 0 4 0 0
2392 15 0 0 3 0 0 3 1 1
2396 107 1 1 21 1 1 0 0 0
2397 19 0 0 0 0 0 0 0 0
2399 4 0 0 0 0 0 0 0 0
2405 14 1 1 2 1 1 0 0 0
2426 6 1 1 0 0 0 1 0 0
2433 6 2 2 0 0 0 1 0 0
2435 3 0 0 0 0 0 1 0 0
2480 3 1 1 1 0 0 0 0 0
2481 6 1 1 0 0 0 1 0 0
2483 3 1 1 0 0 0 1 1 1
2553 3 0 0 1 0 0 0 0 0
2583 3 0 0 1 0 0 0 0 0
fn=handle_ld_preload
108 3 1 1 1 0 0 0 0 0
672 1 0 0 0 0 0 1 1 1
676 1 0 0 0 0 0 1 0 0
677 2 1 1 1 0 0 1 0 0
678 1 0 0 0 0 0 1 0 0
680 1 0 0 1 0 0 0 0 0
682 13 0 0 3 0 0 4 0 0
683 3 0 0 1 0 0 0 0 0
696 3 0 0 1 0 0 0 0 0
757 9 1 1 0 0 0 7 1 1
758 1 0 0 0 0 0 0 0 0
762 6 1 1 2 0 0 0 0 0
766 2 0 0 0 0 0 0 0 0
768 6 1 1 0 0 0 1 0 0
769 2 0 0 0 0 0 1 0 0
776 4 0 0 0 0 0 0 0 0
779 2 0 0 1 0 0 0 0 0
780 1 0 0 0 0 0 0 0 0
783 9 1 1 7 0 0 0 0 0
fn=init_tls
589 2 1 1 0 0 0 1 0 0
591 2 0 0 1 0 0 1 0 0
595 2 0 0 1 0 0 0 0 0
604 1 1 1 0 0 0 1 0 0
605 4 0 0 0 0 0 1 0 0
610 1 0 0 0 0 0 0 0 0
611 2 0 0 0 0 0 1 0 0
612 1 0 0 0 0 0 1 0 0
616 2 0 0 1 1 1 0 0 0
617 1 0 0 0 0 0 0 0 0
618 11 1 1 1 0 0 0 0 0
619 8 0 0 4 0 0 0 0 0
620 8 0 0 4 0 0 0 0 0
624 3 0 0 0 0 0 1 0 0
626 1 0 0 0 0 0 0 0 0
628 3 0 0 0 0 0 0 0 0
631 1 1 1 0 0 0 1 0 0
638 2 0 0 0 0 0 1 0 0
639 2 0 0 0 0 0 0 0 0
645 2 1 1 1 0 0 1 0 0
648 7 0 0 0 0 0 2 0 0
651 1 1 0 0 0 0 1 0 0
653 1 0 0 0 0 0 0 0 0
654 2 0 0 2 0 0 0 0 0
fn=map_doit
496 2 1 1 0 0 0 1 0 0
498 1 0 0 1 0 0 0 0 0
499 9 0 0 2 0 0 2 1 1
501 2 0 0 2 0 0 0 0 0
fn=rtld_lock_default_lock_recursive
704 6 1 1 6 1 1 0 0 0
fn=rtld_lock_default_unlock_recursive
710 6 0 0 6 0 0 0 0 0
fn=version_check_doit
529 2 1 1 0 0 0 1 0 0
531 6 1 0 2 0 0 1 0 0
535 2 0 0 2 0 0 0 0 0
fl=/build/glibc-Cl5G7W/glibc-2.23/elf/setup-vdso.h
fn=dl_main
24 2 0 0 1 0 0 0 0 0
fl=/build/glibc-Cl5G7W/glibc-2.23/io/../sysdeps/unix/syscall-template.S
fn=access
84 12 1 1 0 0 0 0 0 0
86 15 0 0 3 0 0 3 0 0
fn=close
84 12 1 1 0 0 0 0 0 0
85 3 0 0 3 0 0 0 0 0
fn=open
84 28 1 1 0 0 0 0 0 0
85 3 0 0 3 0 0 0 0 0
86 20 0 0 4 0 0 4 0 0
fn=read
84 8 1 1 0 0 0 0 0 0
85 2 0 0 2 0 0 0 0 0
fl=/build/glibc-Cl5G7W/glibc-2.23/io/../sysdeps/unix/sysv/linux/wordsize-64/fxstat.c
fn=_fxstat
33 3 0 0 0 0 0 0 0 0
34 6 1 1 0 0 0 0 0 0
35 18 0 0 0 0 0 0 0 0
39 3 0 0 3 0 0 0 0 0
fl=/build/glibc-Cl5G7W/glibc-2.23/io/../sysdeps/unix/sysv/linux/wordsize-64/xstat.c
fn=_xstat
33 4 0 0 0 0 0 0 0 0
34 8 1 1 0 0 0 0 0 0
35 36 0 0 3 0 0 3 0 0
39 1 0 0 1 0 0 0 0 0
fl=/build/glibc-Cl5G7W/glibc-2.23/misc/../sysdeps/unix/syscall-template.S
fn=mprotect
84 24 1 1 0 0 0 0 0 0
85 6 0 0 6 0 0 0 0 0
fn=munmap
84 4 1 1 0 0 0 0 0 0
85 1 0 0 1 0 0 0 0 0
fl=/build/glibc-Cl5G7W/glibc-2.23/misc/../sysdeps/unix/sysv/linux/wordsize-64/mmap.c
fn=mmap
32 80 0 0 0 0 0 48 2 2
33 46 2 2 2 0 0 0 0 0
34 80 0 0 0 0 0 0 0 0
36 56 0 0 56 0 0 0 0 0
fl=/build/glibc-Cl5G7W/glibc-2.23/misc/init-misc.c
fn=__init_misc
30 3 0 0 0 0 0 2 0 0
31 6 1 1 1 0 0 0 0 0
33 3 0 0 0 0 0 1 0 0
37 5 1 1 1 1 0 1 1 0
38 3 0 0 2 1 0 1 0 0
40 4 0 0 3 0 0 0 0 0
fl=/build/glibc-Cl5G7W/glibc-2.23/posix/../sysdeps/unix/syscall-template.S
fn=uname
84 4 1 1 0 0 0 0 0 0
85 1 0 0 1 0 0 0 0 0
fl=/build/glibc-Cl5G7W/glibc-2.23/setjmp/../sysdeps/x86_64/bsd-_setjmp.S
fn=_setjmp
30 1 1 1 0 0 0 0 0 0
32 1 0 0 0 0 0 0 0 0
fl=/build/glibc-Cl5G7W/glibc-2.23/setjmp/../sysdeps/x86_64/setjmp.S
fn=__sigsetjmp
26 4 2 2 0 0 0 4 2 2
35 4 0 0 0 0 0 0 0 0
36 8 1 1 4 0 0 0 0 0
37 4 0 0 0 0 0 4 0 0
41 4 0 0 0 0 0 4 0 0
42 4 0 0 0 0 0 4 0 0
43 4 0 0 0 0 0 4 0 0
44 4 0 0 0 0 0 4 0 0
45 4 0 0 0 0 0 0 0 0
47 8 1 1 4 0 0 0 0 0
49 4 0 0 0 0 0 4 0 0
50 4 0 0 4 0 0 0 0 0
51 4 0 0 0 0 0 0 0 0
53 8 0 0 4 0 0 0 0 0
55 4 1 1 0 0 0 4 0 0
59 3 0 0 0 0 0 0 0 0
60 3 0 0 3 0 0 0 0 0
64 1 0 0 0 0 0 0 0 0
fl=/build/glibc-Cl5G7W/glibc-2.23/setjmp/sigjmp.c
fn=__sigjmp_save
28 3 0 0 0 0 0 1 0 0
29 3 0 0 0 0 0 1 0 0
34 3 0 0 2 0 0 0 0 0
fl=/build/glibc-Cl5G7W/glibc-2.23/stdlib/cxa_atexit.c
fn=__cxa_atexit
35 2 0 0 0 0 0 1 0 0
37 2 0 0 0 0 0 0 0 0
41 3 0 0 1 0 0 0 0 0
43 1 0 0 0 0 0 1 0 0
44 1 0 0 0 0 0 1 0 0
45 1 0 0 0 0 0 1 0 0
47 1 1 1 0 0 0 1 0 0
48 1 0 0 0 0 0 0 0 0
57 6 1 1 0 0 0 3 0 0
59 4 0 0 4 0 0 0 0 0
fn=__new_exitfn
73 4 1 1 0 0 0 2 0 0
79 6 1 1 2 2 2 0 0 0
81 9 1 1 2 1 0 0 0 0
83 3 1 1 1 1 0 0 0 0
91 2 0 0 0 0 0 1 0 0
112 1 1 1 0 0 0 0 0 0
113 2 1 1 0 0 0 1 0 0
126 1 1 1 0 0 0 1 0 0
127 1 0 0 1 1 1 0 0 0
130 4 0 0 2 0 0 0 0 0
133 5 0 0 3 0 0 0 0 0
fl=/build/glibc-Cl5G7W/glibc-2.23/string/../bits/stdlib-bsearch.h
fn=intel_check_word
27 13 0 0 0 0 0 0 0 0
28 26 0 0 0 0 0 0 0 0
29 170 0 0 0 0 0 0 0 0
31 235 0 0 0 0 0 0 0 0
32 87 0 0 0 0 0 0 0 0
37 23 1 1 0 0 0 0 0 0
fl=/build/glibc-Cl5G7W/glibc-2.23/string/../sysdeps/x86_64/cacheinfo.c
fn=handle_intel
261 16 0 0 0 0 0 12 0 0
262 4 1 1 0 0 0 0 0 0
273 6 0 0 0 0 0 2 0 0
275 2 1 1 0 0 0 2 0 0
276 4 0 0 0 0 0 2 0 0
278 2 0 0 0 0 0 0 0 0
284 10 1 1 0 0 0 2 0 0
289 4 0 0 0 0 0 0 0 0
291 6 0 0 0 0 0 2 0 0
292 2 0 0 0 0 0 0 0 0
296 8 0 0 0 0 0 2 0 0
297 4 0 0 0 0 0 0 0 0
300 10 1 1 0 0 0 2 0 0
301 4 0 0 0 0 0 0 0 0
304 5 0 0 0 0 0 1 0 0
305 2 0 0 0 0 0 0 0 0
308 5 0 0 1 0 0 1 0 0
309 2 0 0 0 0 0 0 0 0
318 16 1 1 14 0 0 0 0 0
fn=init_cacheinfo
482 5 1 1 0 0 0 5 0 0
494 4 0 0 2 0 0 0 0 0
496 5 0 0 1 0 0 1 0 0
499 1 0 0 0 0 0 0 0 0
500 4 1 1 0 0 0 1 0 0
502 2 0 0 0 0 0 0 0 0
511 2 0 0 0 0 0 0 0 0
513 1 0 0 1 0 0 0 0 0
514 1 0 0 1 0 0 0 0 0
516 1 0 0 0 0 0 0 0 0
521 18 1 1 0 0 0 0 0 0
527 8 0 0 0 0 0 0 0 0
530 20 0 0 0 0 0 0 0 0
532 1 1 1 0 0 0 0 0 0
538 6 0 0 0 0 0 0 0 0
545 11 1 1 0 0 0 0 0 0
547 2 0 0 0 0 0 0 0 0
548 2 0 0 0 0 0 0 0 0
549 8 0 0 0 0 0 0 0 0
551 4 0 0 0 0 0 0 0 0
556 1 0 0 0 0 0 0 0 0
558 3 0 0 0 0 0 0 0 0
559 4 0 0 0 0 0 0 0 0
564 2 0 0 0 0 0 0 0 0
565 6 1 1 0 0 0 0 0 0
596 4 0 0 0 0 0 0 0 0
597 5 0 0 0 0 0 0 0 0
652 2 0 0 0 0 0 0 0 0
654 3 1 1 0 0 0 1 0 0
655 1 0 0 0 0 0 1 1 1
657 1 0 0 0 0 0 0 0 0
658 3 0 0 0 0 0 1 0 0
659 1 0 0 0 0 0 1 0 0
662 2 0 0 0 0 0 0 0 0
664 3 0 0 0 0 0 1 0 0
665 1 0 0 0 0 0 1 0 0
667 1 1 1 0 0 0 0 0 0
668 3 0 0 0 0 0 1 0 0
669 1 0 0 0 0 0 1 0 0
671 6 0 0 6 0 0 0 0 0
fn=intel_check_word
121 174 0 0 87 8 8 0 0 0
124 84 1 1 0 0 0 0 0 0
132 36 0 0 0 0 0 24 0 0
133 12 1 1 0 0 0 0 0 0
135 4 0 0 0 0 0 0 0 0
139 42 1 1 0 0 0 0 0 0
141 34 0 0 0 0 0 0 0 0
143 13 0 0 0 0 0 0 0 0
145 26 0 0 0 0 0 0 0 0
153 26 1 1 0 0 0 0 0 0
204 26 0 0 0 0 0 0 0 0
209 10 0 0 5 0 0 0 0 0
212 30 0 0 10 0 0 0 0 0
226 13 0 0 0 0 0 0 0 0
231 12 0 0 3 0 0 0 0 0
233 2 1 1 0 0 0 0 0 0
235 4 0 0 0 0 0 0 0 0
237 2 1 1 2 0 0 0 0 0
245 2 0 0 0 0 0 0 0 0
251 11 0 0 0 0 0 0 0 0
256 36 0 0 30 0 0 0 0 0
fl=/build/glibc-Cl5G7W/glibc-2.23/string/../sysdeps/x86_64/memcpy.S
fn=mempcpy
61 17 1 1 0 0 0 0 0 0
65 17 0 0 0 0 0 0 0 0
68 16 0 0 0 0 0 0 0 0
69 16 0 0 0 0 0 0 0 0
71 7 0 0 7 2 2 0 0 0
72 7 0 0 0 0 0 7 2 2
74 7 1 1 0 0 0 0 0 0
75 7 0 0 0 0 0 0 0 0
80 16 0 0 0 0 0 0 0 0
81 16 0 0 0 0 0 0 0 0
83 10 0 0 10 0 0 0 0 0
84 10 0 0 0 0 0 10 0 0
86 10 0 0 0 0 0 0 0 0
87 10 0 0 0 0 0 0 0 0
92 16 0 0 0 0 0 0 0 0
93 16 0 0 0 0 0 0 0 0
95 5 0 0 5 0 0 0 0 0
96 5 0 0 0 0 0 5 0 0
98 5 0 0 0 0 0 0 0 0
99 5 0 0 0 0 0 0 0 0
104 16 0 0 0 0 0 0 0 0
105 16 0 0 0 0 0 0 0 0
107 7 0 0 7 0 0 0 0 0
108 7 0 0 0 0 0 7 0 0
110 7 0 0 0 0 0 0 0 0
111 14 0 0 0 0 0 0 0 0
116 16 2 1 0 0 0 0 0 0
117 18 0 0 0 0 0 0 0 0
122 2 0 0 2 0 0 0 0 0
123 2 0 0 2 0 0 0 0 0
124 2 0 0 0 0 0 2 1 1
125 2 0 0 0 0 0 2 0 0
127 2 0 0 0 0 0 0 0 0
129 2 0 0 0 0 0 0 0 0
130 2 0 0 0 0 0 0 0 0
132 2 0 0 0 0 0 0 0 0
138 16 0 0 0 0 0 0 0 0
142 16 0 0 16 0 0 0 0 0
154 2 0 0 0 0 0 0 0 0
156 2 0 0 0 0 0 0 0 0
157 2 0 0 0 0 0 0 0 0
183 2 1 1 0 0 0 0 0 0
184 2 0 0 0 0 0 0 0 0
187 2 0 0 0 0 0 0 0 0
188 2 0 0 0 0 0 0 0 0
189 2 0 0 0 0 0 0 0 0
194 2 0 0 0 0 0 0 0 0
196 2 0 0 2 0 0 0 0 0
197 2 0 0 2 0 0 0 0 0
198 2 0 0 2 0 0 0 0 0
199 2 2 1 2 0 0 0 0 0
201 2 0 0 0 0 0 2 0 0
202 2 0 0 0 0 0 2 0 0
203 2 0 0 0 0 0 2 0 0
204 2 0 0 0 0 0 2 0 0
206 2 0 0 0 0 0 0 0 0
207 2 0 0 0 0 0 0 0 0
209 2 0 0 0 0 0 0 0 0
231 2 2 1 0 0 0 0 0 0
233 2 0 0 0 0 0 0 0 0
235 1 0 0 0 0 0 0 0 0
242 1 0 0 1 0 0 0 0 0
fl=/build/glibc-Cl5G7W/glibc-2.23/string/../sysdeps/x86_64/multiarch/../memcmp.S
fn=bcmp
24 13 1 1 0 0 0 0 0 0
25 13 0 0 0 0 0 0 0 0
26 13 0 0 0 0 0 0 0 0
27 13 0 0 0 0 0 0 0 0
28 13 0 0 0 0 0 0 0 0
29 13 0 0 0 0 0 0 0 0
30 13 0 0 0 0 0 0 0 0
31 13 2 1 0 0 0 0 0 0
34 13 0 0 0 0 0 0 0 0
35 13 0 0 0 0 0 0 0 0
36 5 0 0 5 1 1 0 0 0
37 5 0 0 5 3 3 0 0 0
38 5 0 0 0 0 0 0 0 0
39 5 0 0 0 0 0 0 0 0
40 5 0 0 0 0 0 0 0 0
41 5 0 0 0 0 0 0 0 0
42 5 0 0 0 0 0 0 0 0
44 12 0 0 0 0 0 0 0 0
45 12 0 0 0 0 0 0 0 0
46 4 0 0 4 0 0 0 0 0
47 4 0 0 4 0 0 0 0 0
48 4 0 0 0 0 0 0 0 0
49 4 0 0 0 0 0 0 0 0
50 4 1 0 0 0 0 0 0 0
51 4 0 0 0 0 0 0 0 0
52 4 0 0 0 0 0 0 0 0
54 12 1 1 0 0 0 0 0 0
55 12 0 0 0 0 0 0 0 0
56 5 0 0 5 1 1 0 0 0
57 5 0 0 5 1 1 0 0 0
58 5 0 0 0 0 0 0 0 0
59 5 0 0 0 0 0 0 0 0
60 2 0 0 0 0 0 0 0 0
61 2 0 0 0 0 0 0 0 0
62 2 0 0 0 0 0 0 0 0
64 9 0 0 0 0 0 0 0 0
65 9 0 0 0 0 0 0 0 0
66 5 0 0 5 0 0 0 0 0
67 5 0 0 5 2 2 0 0 0
68 5 0 0 0 0 0 0 0 0
69 5 0 0 0 0 0 0 0 0
74 4 0 0 4 3 3 0 0 0
75 4 0 0 4 0 0 0 0 0
76 4 0 0 0 0 0 0 0 0
77 4 0 0 0 0 0 0 0 0
78 4 0 0 0 0 0 0 0 0
79 4 0 0 0 0 0 0 0 0
80 4 0 0 0 0 0 0 0 0
81 2 0 0 0 0 0 0 0 0
82 2 0 0 0 0 0 0 0 0
83 2 0 0 2 0 0 0 0 0
84 2 0 0 2 0 0 0 0 0
85 2 0 0 0 0 0 0 0 0
92 2 0 0 0 0 0 0 0 0
94 3 0 0 3 0 0 0 0 0
98 8 1 1 0 0 0 0 0 0
99 8 0 0 0 0 0 0 0 0
100 1 0 0 0 0 0 0 0 0
101 1 0 0 0 0 0 0 0 0
102 1 0 0 0 0 0 0 0 0
103 1 0 0 0 0 0 0 0 0
104 1 0 0 0 0 0 0 0 0
105 1 0 0 0 0 0 0 0 0
106 1 0 0 0 0 0 0 0 0
107 1 0 0 0 0 0 0 0 0
108 1 0 0 0 0 0 0 0 0
109 1 0 0 0 0 0 0 0 0
110 1 0 0 1 0 0 0 0 0
114 9 1 1 0 0 0 0 0 0
115 9 0 0 9 0 0 0 0 0
fl=/build/glibc-Cl5G7W/glibc-2.23/string/../sysdeps/x86_64/multiarch/../memcpy.S
fn=memcpy
61 14 1 1 0 0 0 0 0 0
63 14 0 0 0 0 0 0 0 0
65 14 0 0 0 0 0 0 0 0
68 12 0 0 0 0 0 0 0 0
69 12 0 0 0 0 0 0 0 0
71 4 0 0 4 0 0 0 0 0
72 4 0 0 0 0 0 4 2 2
74 4 0 0 0 0 0 0 0 0
75 4 0 0 0 0 0 0 0 0
80 12 0 0 0 0 0 0 0 0
81 12 0 0 0 0 0 0 0 0
83 4 1 0 4 0 0 0 0 0
84 4 0 0 0 0 0 4 1 1
86 4 0 0 0 0 0 0 0 0
87 8 0 0 0 0 0 0 0 0
92 12 1 1 0 0 0 0 0 0
93 12 0 0 0 0 0 0 0 0
95 3 0 0 3 0 0 0 0 0
96 3 0 0 0 0 0 3 0 0
98 3 0 0 0 0 0 0 0 0
99 3 0 0 0 0 0 0 0 0
104 12 0 0 0 0 0 0 0 0
105 12 0 0 0 0 0 0 0 0
107 7 0 0 7 0 0 0 0 0
108 7 0 0 0 0 0 7 0 0
110 7 0 0 0 0 0 0 0 0
111 7 0 0 0 0 0 0 0 0
116 12 0 0 0 0 0 0 0 0
117 17 0 0 0 0 0 0 0 0
122 5 0 0 5 0 0 0 0 0
123 5 0 0 5 0 0 0 0 0
124 5 0 0 0 0 0 5 2 2
125 5 0 0 0 0 0 5 0 0
127 5 0 0 0 0 0 0 0 0
129 5 0 0 0 0 0 0 0 0
130 5 0 0 0 0 0 0 0 0
132 5 0 0 0 0 0 0 0 0
140 12 1 1 12 0 0 0 0 0
148 6 1 0 0 0 0 6 0 0
154 6 0 0 0 0 0 0 0 0
156 6 0 0 0 0 0 0 0 0
157 6 0 0 0 0 0 0 0 0
160 2 0 0 0 0 0 0 0 0
161 6 0 0 0 0 0 0 0 0
166 8 2 1 8 0 0 0 0 0
167 8 0 0 0 0 0 8 1 1
169 8 0 0 0 0 0 0 0 0
171 8 0 0 0 0 0 0 0 0
172 8 0 0 0 0 0 0 0 0
174 12 0 0 0 0 0 0 0 0
183 6 0 0 0 0 0 0 0 0
184 6 0 0 0 0 0 0 0 0
187 6 0 0 0 0 0 0 0 0
188 6 0 0 0 0 0 0 0 0
189 6 0 0 0 0 0 0 0 0
194 5 0 0 0 0 0 0 0 0
196 5 0 0 5 0 0 0 0 0
197 5 0 0 5 0 0 0 0 0
198 5 0 0 5 0 0 0 0 0
199 5 2 1 5 0 0 0 0 0
201 5 0 0 0 0 0 5 2 2
202 5 0 0 0 0 0 5 0 0
203 5 0 0 0 0 0 5 0 0
204 5 0 0 0 0 0 5 0 0
206 5 0 0 0 0 0 0 0 0
207 5 0 0 0 0 0 0 0 0
209 5 0 0 0 0 0 0 0 0
231 6 1 1 0 0 0 0 0 0
237 6 0 0 6 0 0 0 0 0
238 6 0 0 0 0 0 0 0 0
240 2 0 0 2 0 0 0 0 0
fl=/build/glibc-Cl5G7W/glibc-2.23/string/../sysdeps/x86_64/multiarch/../memset.S
fn=memset
53 10 1 1 0 0 0 0 0 0
54 10 0 0 0 0 0 0 0 0
55 10 0 0 0 0 0 0 0 0
56 10 0 0 0 0 0 0 0 0
57 10 0 0 0 0 0 0 0 0
59 10 0 0 0 0 0 0 0 0
60 10 0 0 0 0 0 0 0 0
61 8 0 0 0 0 0 0 0 0
62 8 0 0 0 0 0 0 0 0
77 2 1 1 0 0 0 0 0 0
78 2 0 0 0 0 0 2 1 1
79 2 0 0 0 0 0 0 0 0
80 2 0 0 0 0 0 2 2 2
81 2 0 0 0 0 0 2 0 0
82 2 0 0 0 0 0 2 0 0
83 2 0 0 0 0 0 2 1 1
84 2 0 0 0 0 0 2 0 0
85 2 0 0 0 0 0 2 0 0
86 2 0 0 0 0 0 2 0 0
87 2 0 0 0 0 0 0 0 0
88 2 0 0 0 0 0 0 0 0
89 2 0 0 0 0 0 0 0 0
90 4 0 0 0 0 0 0 0 0
93 36 0 0 0 0 0 36 33 33
94 36 0 0 0 0 0 36 0 0
95 36 0 0 0 0 0 36 0 0
96 36 0 0 0 0 0 36 0 0
97 36 0 0 0 0 0 0 0 0
98 36 0 0 0 0 0 0 0 0
99 36 0 0 0 0 0 0 0 0
100 2 0 0 2 0 0 0 0 0
103 8 1 1 0 0 0 0 0 0
104 8 0 0 0 0 0 0 0 0
105 8 0 0 0 0 0 0 0 0
106 2 0 0 0 0 0 0 0 0
107 2 0 0 0 0 0 0 0 0
108 1 0 0 0 0 0 0 0 0
109 1 0 0 0 0 0 0 0 0
112 1 0 0 0 0 0 0 0 0
113 1 0 0 0 0 0 0 0 0
114 1 0 0 0 0 0 1 0 0
115 1 0 0 1 0 0 0 0 0
117 1 0 0 0 0 0 1 0 0
118 1 0 0 0 0 0 1 0 0
119 1 0 0 1 0 0 0 0 0
121 6 0 0 0 0 0 6 2 2
122 6 0 0 0 0 0 6 0 0
123 6 0 0 6 0 0 0 0 0
fl=/build/glibc-Cl5G7W/glibc-2.23/string/../sysdeps/x86_64/multiarch/../strchr.S
fn=index
24 7 1 1 0 0 0 0 0 0
25 7 0 0 0 0 0 0 0 0
26 7 0 0 0 0 0 0 0 0
27 7 0 0 0 0 0 0 0 0
28 7 0 0 0 0 0 0 0 0
29 7 0 0 0 0 0 0 0 0
30 7 0 0 0 0 0 0 0 0
31 7 1 1 0 0 0 0 0 0
32 7 0 0 7 2 2 0 0 0
33 7 0 0 0 0 0 0 0 0
34 7 0 0 0 0 0 0 0 0
35 7 0 0 0 0 0 0 0 0
36 7 0 0 0 0 0 0 0 0
37 7 0 0 0 0 0 0 0 0
38 7 0 0 0 0 0 0 0 0
39 7 0 0 0 0 0 0 0 0
40 7 0 0 0 0 0 0 0 0
41 5 0 0 0 0 0 0 0 0
45 5 0 0 0 0 0 0 0 0
46 5 0 0 0 0 0 0 0 0
47 5 0 0 5 0 0 0 0 0
48 5 0 0 0 0 0 0 0 0
50 5 0 0 5 0 0 0 0 0
54 2 0 0 2 1 1 0 0 0
55 2 1 1 0 0 0 0 0 0
56 2 0 0 0 0 0 0 0 0
57 2 0 0 0 0 0 0 0 0
58 2 0 0 0 0 0 0 0 0
59 2 0 0 0 0 0 0 0 0
60 2 0 0 2 0 0 0 0 0
61 2 0 0 0 0 0 0 0 0
62 2 0 0 0 0 0 0 0 0
63 2 0 0 0 0 0 0 0 0
64 2 0 0 0 0 0 0 0 0
65 2 0 0 0 0 0 0 0 0
66 2 0 0 0 0 0 0 0 0
67 2 0 0 2 0 0 0 0 0
68 2 0 0 0 0 0 0 0 0
69 2 0 0 0 0 0 0 0 0
70 2 0 0 0 0 0 0 0 0
71 2 1 1 0 0 0 0 0 0
72 2 0 0 0 0 0 0 0 0
73 2 0 0 0 0 0 0 0 0
74 2 0 0 0 0 0 0 0 0
75 2 0 0 0 0 0 0 0 0
76 2 0 0 0 0 0 0 0 0
77 2 0 0 0 0 0 0 0 0
129 2 1 1 0 0 0 0 0 0
133 2 0 0 0 0 0 0 0 0
134 2 0 0 0 0 0 0 0 0
135 2 0 0 2 0 0 0 0 0
136 2 0 0 0 0 0 0 0 0
138 2 0 0 2 0 0 0 0 0
fl=/build/glibc-Cl5G7W/glibc-2.23/string/../sysdeps/x86_64/multiarch/../strcmp.S
fn=strcmp
144 158 1 1 0 0 0 0 0 0
145 158 0 0 0 0 0 0 0 0
147 158 0 0 0 0 0 0 0 0
148 158 0 0 0 0 0 0 0 0
169 158 0 0 0 0 0 0 0 0
170 158 0 0 0 0 0 0 0 0
171 127 0 0 0 0 0 0 0 0
172 127 0 0 0 0 0 0 0 0
173 125 0 0 125 14 12 0 0 0
174 125 0 0 125 5 2 0 0 0
175 125 0 0 125 0 0 0 0 0
176 125 0 0 125 0 0 0 0 0
197 125 0 0 0 0 0 0 0 0
198 125 0 0 0 0 0 0 0 0
199 125 0 0 0 0 0 0 0 0
200 125 0 0 0 0 0 0 0 0
201 125 0 0 0 0 0 0 0 0
202 125 0 0 0 0 0 0 0 0
203 125 0 0 0 0 0 0 0 0
208 4 0 0 0 0 0 0 0 0
209 4 0 0 0 0 0 0 0 0
218 37 1 1 0 0 0 0 0 0
219 37 0 0 0 0 0 0 0 0
220 37 0 0 0 0 0 0 0 0
221 37 0 0 0 0 0 0 0 0
222 37 0 0 0 0 0 0 0 0
223 37 0 0 0 0 0 0 0 0
224 37 0 0 0 0 0 0 0 0
225 37 0 0 0 0 0 0 0 0
226 36 0 0 0 0 0 0 0 0
227 29 0 0 0 0 0 0 0 0
228 29 0 0 0 0 0 0 0 0
229 29 0 0 0 0 0 0 0 0
231 36 0 0 0 0 0 0 0 0
232 36 0 0 0 0 0 0 0 0
233 36 1 1 0 0 0 0 0 0
234 36 0 0 36 3 2 0 0 0
235 36 0 0 0 0 0 0 0 0
236 36 0 0 0 0 0 0 0 0
246 1 0 0 1 0 0 0 0 0
247 1 0 0 0 0 0 0 0 0
248 1 0 0 0 0 0 0 0 0
250 1 0 0 1 0 0 0 0 0
256 1 0 0 0 0 0 0 0 0
257 1 0 0 0 0 0 0 0 0
258 1 0 0 0 0 0 0 0 0
259 1 0 0 0 0 0 0 0 0
260 1 0 0 0 0 0 0 0 0
265 1 0 0 0 0 0 0 0 0
946 1 1 1 0 0 0 0 0 0
947 1 0 0 1 0 0 0 0 0
948 1 0 0 1 0 0 0 0 0
949 1 0 0 0 0 0 0 0 0
950 1 1 1 0 0 0 0 0 0
952 1 0 0 0 0 0 0 0 0
953 1 0 0 0 0 0 0 0 0
954 1 0 0 0 0 0 0 0 0
955 1 0 0 0 0 0 0 0 0
956 1 0 0 0 0 0 0 0 0
957 1 0 0 0 0 0 0 0 0
958 1 0 0 0 0 0 0 0 0
1196 4 1 1 0 0 0 0 0 0
1197 4 0 0 4 0 0 0 0 0
1198 4 0 0 4 0 0 0 0 0
1199 4 0 0 0 0 0 0 0 0
1200 4 1 1 0 0 0 0 0 0
1202 4 0 0 0 0 0 0 0 0
1203 4 0 0 0 0 0 0 0 0
1204 4 0 0 0 0 0 0 0 0
1205 4 0 0 0 0 0 0 0 0
1206 4 0 0 0 0 0 0 0 0
1207 4 0 0 0 0 0 0 0 0
1208 4 0 0 0 0 0 0 0 0
1321 16 1 1 0 0 0 0 0 0
1322 16 0 0 16 1 0 0 0 0
1323 16 0 0 16 1 0 0 0 0
1324 16 0 0 0 0 0 0 0 0
1325 16 1 1 0 0 0 0 0 0
1327 16 0 0 0 0 0 0 0 0
1328 16 0 0 0 0 0 0 0 0
1329 16 0 0 0 0 0 0 0 0
1330 16 0 0 0 0 0 0 0 0
1331 16 0 0 0 0 0 0 0 0
1332 16 0 0 0 0 0 0 0 0
1333 16 0 0 0 0 0 0 0 0
1571 1 1 1 0 0 0 0 0 0
1572 1 0 0 1 0 0 0 0 0
1573 1 0 0 1 0 0 0 0 0
1574 1 0 0 0 0 0 0 0 0
1575 1 1 1 0 0 0 0 0 0
1577 1 0 0 0 0 0 0 0 0
1578 1 0 0 0 0 0 0 0 0
1579 1 0 0 0 0 0 0 0 0
1580 1 0 0 0 0 0 0 0 0
1581 1 0 0 0 0 0 0 0 0
1582 1 0 0 0 0 0 0 0 0
1583 1 0 0 0 0 0 0 0 0
1696 1 1 1 0 0 0 0 0 0
1697 1 0 0 1 0 0 0 0 0
1698 1 0 0 1 1 1 0 0 0
1699 1 0 0 0 0 0 0 0 0
1700 1 1 1 0 0 0 0 0 0
1702 1 0 0 0 0 0 0 0 0
1703 1 0 0 0 0 0 0 0 0
1704 1 0 0 0 0 0 0 0 0
1705 1 0 0 0 0 0 0 0 0
1706 1 0 0 0 0 0 0 0 0
1707 1 0 0 0 0 0 0 0 0
1708 1 0 0 0 0 0 0 0 0
1821 3 2 1 0 0 0 0 0 0
1822 3 0 0 3 0 0 0 0 0
1823 3 0 0 3 1 0 0 0 0
1824 3 0 0 0 0 0 0 0 0
1825 3 1 1 0 0 0 0 0 0
1827 3 0 0 0 0 0 0 0 0
1828 3 0 0 0 0 0 0 0 0
1829 3 0 0 0 0 0 0 0 0
1830 3 0 0 0 0 0 0 0 0
1831 3 0 0 0 0 0 0 0 0
1832 3 0 0 0 0 0 0 0 0
1833 3 0 0 0 0 0 0 0 0
1834 3 0 0 3 0 0 0 0 0
1838 3 0 0 0 0 0 0 0 0
1839 3 0 0 0 0 0 0 0 0
1840 3 0 0 0 0 0 0 0 0
1846 3 0 0 0 0 0 0 0 0
1847 3 0 0 0 0 0 0 0 0
1848 6 1 1 0 0 0 0 0 0
1852 3 0 0 0 0 0 0 0 0
1853 3 0 0 0 0 0 0 0 0
1856 3 0 0 3 0 0 0 0 0
1857 3 0 0 3 1 1 0 0 0
1858 3 0 0 0 0 0 0 0 0
1861 3 0 0 0 0 0 0 0 0
1862 3 0 0 0 0 0 0 0 0
1863 3 0 0 0 0 0 0 0 0
1869 3 0 0 0 0 0 0 0 0
1870 3 0 0 0 0 0 0 0 0
1871 3 1 1 0 0 0 0 0 0
1872 3 0 0 0 0 0 0 0 0
1873 3 0 0 0 0 0 0 0 0
1874 3 0 0 0 0 0 0 0 0
2071 10 1 1 0 0 0 0 0 0
2072 10 0 0 10 1 1 0 0 0
2073 10 0 0 10 2 1 0 0 0
2074 10 0 0 0 0 0 0 0 0
2075 10 1 1 0 0 0 0 0 0
2077 10 0 0 0 0 0 0 0 0
2078 10 0 0 0 0 0 0 0 0
2079 10 0 0 0 0 0 0 0 0
2080 10 0 0 0 0 0 0 0 0
2081 10 0 0 0 0 0 0 0 0
2082 10 0 0 0 0 0 0 0 0
2083 10 0 0 0 0 0 0 0 0
2200 3 0 0 0 0 0 0 0 0
2202 37 1 1 0 0 0 0 0 0
2203 37 0 0 0 0 0 0 0 0
2204 37 0 0 0 0 0 0 0 0
2205 37 1 1 0 0 0 0 0 0
2206 87 0 0 0 0 0 0 0 0
2211 158 0 0 0 0 0 0 0 0
2217 158 0 0 158 0 0 0 0 0
2218 158 0 0 158 0 0 0 0 0
2226 158 0 0 0 0 0 0 0 0
2227 158 0 0 158 0 0 0 0 0
fl=/build/glibc-Cl5G7W/glibc-2.23/string/../sysdeps/x86_64/multiarch/strcmp.S
fn=strcasecmp
109 1 1 1 1 0 0 0 0 0
110 1 0 0 0 0 0 0 0 0
111 1 0 0 1 1 0 0 0 0
112 1 0 0 0 0 0 0 0 0
113 1 0 0 1 0 0 0 0 0
114 1 0 0 0 0 0 0 0 0
115 1 0 0 0 0 0 0 0 0
116 1 0 0 1 1 0 0 0 0
117 1 0 0 0 0 0 0 0 0
122 1 1 1 1 0 0 0 0 0
fn=strncasecmp
129 1 1 1 1 0 0 0 0 0
130 1 0 0 0 0 0 0 0 0
131 1 1 1 1 0 0 0 0 0
132 1 0 0 0 0 0 0 0 0
133 1 0 0 1 0 0 0 0 0
134 1 0 0 0 0 0 0 0 0
135 1 0 0 0 0 0 0 0 0
136 1 0 0 1 0 0 0 0 0
137 1 0 0 0 0 0 0 0 0
142 1 1 1 1 0 0 0 0 0
fl=/build/glibc-Cl5G7W/glibc-2.23/string/../sysdeps/x86_64/multiarch/strcspn.S
fn=strcspn
45 1 1 1 1 0 0 0 0 0
46 1 0 0 0 0 0 0 0 0
47 1 0 0 1 0 0 0 0 0
48 1 0 0 0 0 0 0 0 0
49 1 0 0 0 0 0 0 0 0
50 1 0 0 1 0 0 0 0 0
fn=strpbrk
45 1 1 1 1 0 0 0 0 0
46 1 0 0 0 0 0 0 0 0
47 1 1 1 1 0 0 0 0 0
48 1 0 0 0 0 0 0 0 0
49 1 0 0 0 0 0 0 0 0
50 1 0 0 1 0 0 0 0 0
fl=/build/glibc-Cl5G7W/glibc-2.23/string/../sysdeps/x86_64/multiarch/strspn.S
fn=strspn
30 1 1 1 1 0 0 0 0 0
31 1 0 0 0 0 0 0 0 0
32 1 0 0 1 0 0 0 0 0
33 1 0 0 0 0 0 0 0 0
34 1 0 0 0 0 0 0 0 0
35 1 0 0 1 0 0 0 0 0
fl=/build/glibc-Cl5G7W/glibc-2.23/string/../sysdeps/x86_64/strlen.S
fn=strlen
66 13 1 1 0 0 0 0 0 0
67 13 0 0 0 0 0 0 0 0
68 13 0 0 0 0 0 0 0 0
69 13 0 0 0 0 0 0 0 0
70 13 0 0 0 0 0 0 0 0
71 13 0 0 0 0 0 0 0 0
72 13 0 0 0 0 0 0 0 0
74 13 0 0 0 0 0 0 0 0
76 13 0 0 0 0 0 0 0 0
106 12 0 0 12 1 1 0 0 0
107 12 0 0 0 0 0 0 0 0
108 12 1 1 0 0 0 0 0 0
109 12 0 0 0 0 0 0 0 0
110 12 0 0 0 0 0 0 0 0
111 6 0 0 0 0 0 0 0 0
112 6 0 0 6 0 0 0 0 0
116 6 0 0 0 0 0 0 0 0
117 6 0 0 6 0 0 0 0 0
118 6 0 0 6 0 0 0 0 0
119 6 0 0 6 1 1 0 0 0
120 6 0 0 0 0 0 0 0 0
121 6 0 0 0 0 0 0 0 0
122 6 0 0 0 0 0 0 0 0
123 6 0 0 0 0 0 0 0 0
124 6 0 0 0 0 0 0 0 0
125 6 0 0 0 0 0 0 0 0
126 6 0 0 0 0 0 0 0 0
127 6 0 0 0 0 0 0 0 0
132 48 0 0 6 0 0 0 0 0
136 1 1 1 0 0 0 0 0 0
137 14 1 1 4 0 0 0 0 0
138 8 0 0 1 0 0 0 0 0
fl=/build/glibc-Cl5G7W/glibc-2.23/string/../sysdeps/x86_64/strrchr.S
fn=rindex
24 1 1 1 0 0 0 0 0 0
25 1 0 0 0 0 0 0 0 0
26 1 0 0 0 0 0 0 0 0
27 1 0 0 0 0 0 0 0 0
28 1 0 0 0 0 0 0 0 0
29 1 0 0 0 0 0 0 0 0
30 1 0 0 0 0 0 0 0 0
31 1 0 0 0 0 0 0 0 0
32 1 0 0 1 1 0 0 0 0
33 1 0 0 0 0 0 0 0 0
34 1 0 0 0 0 0 0 0 0
35 1 0 0 0 0 0 0 0 0
36 1 0 0 0 0 0 0 0 0
37 1 0 0 0 0 0 0 0 0
38 1 1 1 0 0 0 0 0 0
39 1 0 0 0 0 0 0 0 0
40 1 0 0 0 0 0 0 0 0
41 1 0 0 0 0 0 0 0 0
42 1 0 0 0 0 0 0 0 0
43 1 0 0 0 0 0 0 0 0
44 1 0 0 0 0 0 0 0 0
45 1 0 0 0 0 0 0 0 0
46 1 0 0 0 0 0 0 0 0
47 1 0 0 1 0 0 0 0 0
fl=/build/glibc-Cl5G7W/glibc-2.23/string/strdup.c
fn=strdup
40 12 1 1 0 0 0 6 0 0
41 6 0 0 0 0 0 3 0 0
42 6 0 0 0 0 0 3 0 0
44 6 0 0 0 0 0 0 0 0
47 12 0 0 0 0 0 0 0 0
48 9 0 0 6 0 0 0 0 0
fl=/build/glibc-Cl5G7W/glibc-2.23/time/../sysdeps/generic/dl-hash.h
fn=gettimeofday
45 24 0 0 8 1 1 0 0 0
48 24 0 0 0 0 0 0 0 0
62 32 0 0 0 0 0 0 0 0
fn=time
45 12 0 0 4 1 1 0 0 0
48 12 0 0 0 0 0 0 0 0
62 16 1 1 0 0 0 0 0 0
fl=/build/glibc-Cl5G7W/glibc-2.23/time/../sysdeps/unix/sysv/linux/x86/gettimeofday.c
fn=__gettimeofday_syscall
29 24 0 0 0 0 0 0 0 0
30 6 0 0 6 0 0 0 0 0
fn=gettimeofday
36 2 0 0 0 0 0 0 0 0
37 22 2 2 0 0 0 8 0 0
40 6 1 1 0 0 0 2 0 0
41 6 0 0 0 0 0 0 0 0
42 4 0 0 2 0 0 0 0 0
fl=/build/glibc-Cl5G7W/glibc-2.23/time/../sysdeps/unix/sysv/linux/x86/time.c
fn=time
37 1 0 0 0 0 0 0 0 0
38 11 1 1 0 0 0 4 0 0
41 3 0 0 0 0 0 1 0 0
42 3 1 1 0 0 0 0 0 0
43 2 0 0 1 0 0 0 0 0
fl=/home/dan/git/PCT/1_lab/dgemm/dgemm.c
fn=dgemm_def
19 6 1 1 0 0 0 5 0 0
22 1117 2 2 836 0 0 1 0 0
23 571675 0 0 428268 0 0 279 0 0
24 292697295 0 0 219273472 0 0 142571 0 0
25 3065836620 2 2 1386926090 73193013 73185493 72996110 0 0
fn=init_matrix
50 6 1 1 0 0 0 5 0 0
53 2053 2 2 1538 0 0 1 0 0
54 1051136 1 1 787456 0 0 512 0 0
55 538181632 0 0 403177472 0 0 262144 0 0
56 1476395008 1 1 671088640 1 1 134217728 32769 32769
57 1476395008 0 0 671088640 0 0 134217728 32769 32769
58 1476395008 0 0 536870912 0 0 134217728 32769 32769
62 3 0 0 2 1 1 0 0 0
fn=main
78 5 1 1 0 0 0 3 0 0
82 5 1 1 0 0 0 1 0 0
84 4 0 0 0 0 0 2 0 0
85 4 1 1 1 0 0 1 0 0
86 5 0 0 0 0 0 1 0 0
fl=/home/dan/git/PCT/1_lab/dgemm/hpctimer.c
fn=hpctimer_gettime
176 2 0 0 0 0 0 1 0 0
177 3 0 0 1 1 1 0 0 0
178 3 0 0 0 0 0 1 0 0
179 3 0 0 1 0 0 1 0 0
180 2 0 0 2 0 0 0 0 0
fn=hpctimer_gettsc
209 51 0 0 0 0 0 34 0 0
213 34 0 0 0 0 0 0 0 0
218 51 0 0 0 0 0 34 0 0
223 85 0 0 34 0 0 0 0 0
241 51 0 0 51 0 0 0 0 0
fn=hpctimer_getwtime
184 2 2 2 0 0 0 1 0 0
185 10 0 0 1 0 0 1 0 0
186 6 1 1 1 0 0 0 0 0
187 2 0 0 2 0 0 0 0 0
fn=hpctimer_init
159 5 1 1 0 0 0 3 0 0
162 6 0 0 2 0 0 2 1 1
163 1 0 0 0 0 0 1 0 0
164 1 0 0 1 0 0 0 0 0
165 2 0 0 2 0 0 0 0 0
fn=hpctimer_timer_initialize
95 6 1 1 0 0 0 4 0 0
96 3 0 0 2 0 0 1 1 1
97 3 1 1 2 0 0 1 0 0
98 2 0 0 1 0 0 1 0 0
99 2 0 0 1 0 0 1 0 0
101 5 0 0 2 0 0 0 0 0
105 4 1 1 2 0 0 0 0 0
106 2 0 0 1 0 0 1 0 0
107 3 0 0 1 0 0 1 0 0
111 2 0 0 0 0 0 0 0 0
112 2 0 0 2 0 0 0 0 0
fn=hpctimer_tsctimer_init
245 7 2 2 1 1 1 3 1 1
251 3 0 0 0 0 0 2 1 1
252 3 0 0 0 0 0 2 0 0
253 3 0 0 2 0 0 1 0 0
255 3 1 1 0 0 0 2 0 0
256 3 0 0 0 0 0 2 0 0
257 3 0 0 2 0 0 1 0 0
259 3 0 0 0 0 0 2 0 0
260 3 0 0 0 0 0 2 0 0
261 3 1 1 2 0 0 1 0 0
263 3 0 0 0 0 0 2 0 0
264 3 0 0 0 0 0 2 0 0
265 3 0 0 2 0 0 1 0 0
267 3 0 0 0 0 0 2 0 0
268 3 1 1 0 0 0 2 0 0
269 3 0 0 2 0 0 1 0 0
271 3 0 0 2 0 0 1 0 0
274 13 1 1 7 0 0 1 0 0
275 9 0 0 0 0 0 6 0 0
276 12 1 1 0 0 0 3 0 0
277 900012 0 0 600003 0 0 3 0 0
278 300000 0 0 0 0 0 0 0 0
280 9 0 0 0 0 0 6 0 0
281 12 0 0 0 0 0 3 0 0
284 13 0 0 5 0 0 1 0 0
285 5 1 1 2 0 0 0 0 0
286 5 0 0 2 0 0 0 0 0
294 1 0 0 0 0 0 0 0 0
295 5 0 0 4 0 0 0 0 0
fl=???
fn=???
0 131 13 11 76 3 2 9 1 1
fn=__libc_csu_init
0 34 3 3 8 1 0 8 0 0
fn=_dl_debug_initialize
0 4 0 0 3 0 0 0 0 0
fn=_start
0 11 1 1 1 0 0 3 0 0
fn=memcpy@GLIBC_2.2.5
0 18 2 2 4 0 0 0 0 0
summary: 8328819309 742 719 3890267424 73194284 73186612 476065634 98824 98800
